152
193
422
369
782
781
337
492
862
512
871
917
271
515
567
744
514
799
655
348
735
727
260
327
544
746
645
181
198
198
372
264
977
373
552
837
394
905
789
615
314
530
284
821
570
467
206
728
849
706
558
467
798
631
975
879
422
384
544
638
461
694
935
614
958
490
771
978
613
737
101
770
187
107
767
627
360
724
367
147
583
194
763
197
181
887
414
580
104
396
715
464
118
327
445
308
598
238
761
548
620
331
331
152
669
815
676
866
373
837
344
914
981
282
808
872
230
467
853
499
883
286
983
188
519
752
486
983
632
783
379
287
381
670
426
174
786
716
383
418
131
208
159
420
757
768
129
805
331
437
528
754
959
