163
886
590
500
220
411
508
337
387
992
458
561
433
540
678
478
553
774
535
822
136
516
502
578
428
731
125
985
360
526
396
813
656
208
360
114
938
132
721
822
181
832
626
847
508
120
765
337
445
240
953
216
255
945
259
879
910
141
102
209
297
124
591
905
840
839
718
837
763
864
710
400
264
356
883
211
290
323
197
651
257
798
958
410
741
357
602
695
647
335
292
455
139
462
407
166
762
764
304
534
343
779
161
453
327
746
668
998
762
214
397
209
554
495
892
934
837
566
597
577
909
804
488
391
640
373
623
375
816
807
449
489
287
583
445
636
846
494
224
732
220
855
482
198
970
415
770
410
634
375
105
262
718
516
676
549
163
742
797
955
861
924
231
883
