142
943
655
354
276
183
210
342
763
777
900
867
927
157
237
812
108
442
719
226
883
129
438
653
509
892
792
289
669
345
665
477
385
629
190
530
266
150
116
395
930
112
274
338
475
825
539
980
413
607
495
770
534
192
194
786
224
590
285
883
686
279
334
863
408
122
135
662
764
150
567
530
863
711
602
706
784
880
698
573
857
615
394
248
746
615
951
645
597
282
824
953
639
993
953
472
566
165
654
159
169
968
399
625
492
968
957
750
861
208
786
350
777
856
977
110
695
531
247
684
124
307
547
645
584
337
677
190
657
292
833
818
908
213
868
665
571
119
802
361
253
447
115
