198
309
361
984
916
913
242
922
427
497
474
548
931
233
326
983
424
443
127
104
323
509
249
388
196
270
240
529
334
859
868
409
719
975
592
550
212
470
987
291
312
625
337
386
203
677
685
197
843
374
417
320
822
940
265
517
922
988
694
443
559
813
639
385
724
953
722
355
869
260
771
938
346
782
579
379
304
556
252
361
768
517
368
175
174
352
372
449
993
413
153
353
201
753
306
844
337
864
591
183
632
901
539
713
168
811
307
509
841
697
570
475
531
705
818
881
564
817
532
879
466
931
400
551
179
969
977
646
394
831
810
878
534
278
760
668
737
251
867
279
386
906
870
607
821
735
996
505
304
790
284
711
709
342
187
770
484
572
547
812
421
723
164
874
170
792
828
635
392
553
904
627
930
264
256
729
429
885
861
521
740
641
384
225
642
351
325
725
576
218
992
999
328
578
542
452
501
824
989
