136
181
635
430
298
586
689
106
868
378
220
691
753
166
823
178
140
551
419
489
736
361
397
693
633
957
690
922
120
291
439
170
538
856
171
408
613
985
557
348
747
817
739
419
350
145
894
650
833
805
455
814
296
542
423
309
460
325
165
812
944
317
224
434
533
350
738
443
650
720
999
805
949
180
585
343
872
360
657
361
285
505
729
100
726
481
552
487
351
678
306
427
143
753
637
152
559
682
477
918
328
703
880
102
168
682
422
234
604
803
947
883
453
407
556
642
279
987
274
336
899
583
514
310
547
331
243
575
544
382
640
392
383
147
370
267
412
