151
484
448
604
700
273
764
520
597
782
195
444
522
519
485
682
439
433
651
849
216
864
811
185
788
987
271
888
412
814
778
217
684
830
205
600
731
151
953
656
262
108
643
976
671
150
537
268
576
962
718
776
169
713
814
982
425
423
901
307
248
364
603
148
230
163
962
133
937
487
804
844
116
207
808
693
320
794
955
258
927
880
776
276
546
170
696
817
373
462
230
915
227
109
566
888
508
791
816
748
247
237
902
244
123
645
259
451
455
566
909
923
515
778
570
519
668
790
298
392
912
797
956
912
398
858
405
430
100
457
966
224
103
427
191
678
412
217
932
833
773
157
501
664
368
902
469
436
481
293
494
523
