189
117
214
607
811
931
293
621
541
674
751
232
558
541
208
892
160
163
164
384
331
272
745
969
681
260
898
566
641
443
843
610
809
838
525
809
981
158
348
114
551
493
609
410
747
117
539
689
891
484
225
180
169
998
407
890
199
252
444
162
786
377
298
909
382
671
683
433
482
594
974
421
729
629
302
928
699
553
785
728
328
207
862
852
396
834
825
473
406
628
796
752
469
187
924
464
756
485
192
392
940
747
877
282
634
186
119
582
746
265
440
529
525
319
585
523
396
124
766
159
114
961
972
541
578
971
986
793
696
348
592
445
720
503
727
276
626
142
728
341
719
365
168
687
524
540
812
919
525
244
635
146
707
558
941
177
880
819
570
435
355
832
803
448
298
899
821
689
732
260
885
533
899
936
673
133
203
472
915
867
102
731
532
401
767
226
925
723
303
727
