153
393
445
982
598
302
415
132
740
266
844
523
889
771
775
722
117
765
525
359
709
845
177
274
716
833
144
392
285
576
414
477
582
674
361
427
130
213
228
932
941
343
425
600
606
651
731
217
443
859
510
104
382
493
638
400
154
594
424
207
960
817
650
557
274
298
430
499
632
955
437
570
680
211
250
679
676
121
534
231
338
976
363
241
133
383
533
829
388
551
637
478
612
908
702
605
576
411
623
396
421
696
849
788
140
610
411
140
829
503
721
456
406
975
790
666
973
488
475
613
890
773
287
682
772
576
339
767
640
428
805
873
779
619
843
957
987
209
228
296
119
716
659
273
786
736
812
260
489
890
273
498
474
604
