191
628
165
943
636
151
666
195
398
980
614
419
115
833
273
511
223
613
909
904
538
404
665
268
994
965
479
162
969
382
134
758
732
346
495
308
176
778
634
945
248
345
832
884
722
682
770
640
708
264
470
143
583
274
503
284
451
409
319
994
902
521
276
829
948
870
623
162
708
718
330
898
925
390
650
669
265
864
956
685
117
517
166
695
505
375
747
444
209
172
244
216
342
252
791
835
969
762
862
135
365
498
660
690
111
295
932
518
272
640
613
535
518
463
937
233
492
797
782
633
949
400
475
536
407
354
205
745
936
785
575
316
824
526
151
108
305
861
444
154
180
868
447
893
467
965
487
474
865
822
869
517
297
906
303
972
299
879
161
1000
112
257
219
751
156
290
453
924
837
867
826
708
660
232
759
837
418
222
913
936
126
233
325
423
418
934
847
809
169
481
746
553
