162
448
152
340
394
157
606
621
208
466
203
408
745
412
310
827
643
225
742
330
680
643
360
779
257
521
428
644
445
723
266
768
908
224
463
735
157
751
476
617
884
400
974
327
286
182
782
376
412
709
365
858
272
954
992
506
918
318
714
428
500
188
837
898
826
982
207
971
732
348
623
776
298
991
894
843
548
844
200
630
866
242
778
129
870
762
509
626
904
156
716
825
524
179
808
348
282
480
540
589
423
124
447
269
973
633
566
216
521
705
227
485
961
797
568
210
699
413
281
328
686
656
714
826
129
133
463
112
168
807
516
127
221
192
885
596
713
537
208
150
846
612
539
907
794
428
704
475
588
217
204
617
721
328
234
575
778
701
258
650
859
745
670
