126
243
702
302
445
398
988
582
945
614
764
257
676
665
646
265
388
808
396
821
628
168
975
680
660
720
610
471
449
285
272
599
713
193
188
477
415
271
652
191
484
585
510
933
657
751
291
620
952
679
460
308
626
260
873
734
705
900
191
250
549
378
629
826
822
313
636
542
964
413
364
908
719
177
417
599
253
496
342
105
783
742
921
854
159
319
203
907
872
665
645
799
171
596
865
211
674
650
720
520
801
677
334
527
283
861
407
864
174
304
166
200
867
660
237
328
162
653
357
506
890
618
400
289
743
785
146
