189
719
404
130
533
631
878
403
642
594
884
966
748
286
599
480
516
559
922
320
443
140
433
581
127
327
968
211
518
566
457
471
272
305
186
413
521
713
928
163
459
364
183
274
886
458
967
716
864
813
371
992
313
998
548
906
142
116
877
272
432
919
448
815
512
593
833
250
824
564
339
196
716
434
249
521
942
483
781
169
657
849
455
995
748
866
971
512
811
685
740
144
506
615
524
891
435
166
684
127
681
280
302
355
197
751
262
419
761
801
520
206
491
888
262
801
720
451
747
934
727
654
741
622
1000
403
671
593
931
491
274
703
417
591
598
842
796
205
513
872
721
137
729
456
945
970
928
896
161
894
323
171
233
482
778
442
183
646
402
517
370
392
405
997
986
591
649
774
345
940
980
533
343
628
863
798
363
962
490
286
168
876
915
984
206
861
751
853
310
920
