139
840
938
194
971
122
669
646
343
296
587
397
406
806
438
880
440
895
572
366
508
932
455
207
147
572
723
278
455
314
714
843
220
421
902
766
645
832
189
875
747
986
174
113
644
704
937
380
353
784
899
374
105
615
151
136
852
709
477
905
353
365
406
528
672
335
784
849
584
366
680
461
826
983
842
735
114
483
670
153
425
402
328
672
888
676
973
817
619
337
745
891
645
935
500
542
703
782
632
930
707
373
456
545
395
956
677
858
170
717
143
648
659
347
924
755
416
126
639
565
993
207
893
620
931
360
479
541
307
453
213
315
482
374
761
123
499
612
320
432
