135
862
539
188
267
595
167
665
303
180
579
600
797
514
576
832
911
163
768
909
429
588
434
667
761
495
773
200
146
842
684
711
296
699
299
259
634
654
214
848
435
462
915
567
770
122
924
864
618
886
589
137
946
504
647
619
926
505
990
369
203
918
568
524
752
810
867
542
666
561
824
363
645
855
407
546
521
367
202
268
806
131
453
386
252
666
717
477
772
265
909
247
617
851
645
241
544
663
509
483
505
562
554
589
904
154
887
530
271
706
718
559
408
711
405
384
371
895
251
592
272
169
500
251
893
283
612
548
298
611
468
109
736
696
647
694
