186
519
579
557
611
147
933
304
511
895
706
771
149
575
733
686
946
691
850
960
228
650
903
989
281
644
286
865
102
572
903
313
929
375
783
718
475
318
441
598
258
576
912
794
914
737
309
716
275
100
277
974
466
542
890
939
487
743
218
873
447
335
658
658
594
238
568
528
710
970
720
494
607
591
276
202
856
974
344
571
427
460
680
462
888
656
849
989
125
550
155
352
571
172
815
923
346
243
268
491
368
356
728
985
970
173
713
239
471
319
722
361
623
409
729
615
910
217
929
728
119
602
387
167
271
306
129
450
931
462
456
330
163
629
961
258
445
941
910
982
758
705
957
883
847
855
498
582
696
925
572
640
524
979
577
227
245
903
253
292
625
532
967
915
654
728
554
304
145
674
996
636
497
288
918
947
170
576
201
500
158
436
179
710
951
317
567
