125
390
706
668
289
452
850
589
882
824
283
677
939
673
276
383
243
819
361
113
929
874
964
806
208
171
704
334
693
785
774
355
544
770
862
193
902
544
525
728
347
113
345
902
624
641
812
143
905
937
260
738
608
524
285
610
258
611
230
904
786
948
366
520
868
486
253
650
836
375
452
201
118
941
929
184
488
336
424
524
270
694
339
691
702
898
724
459
755
557
877
983
152
273
470
346
443
701
304
253
519
639
484
100
619
609
562
528
915
836
994
765
880
300
690
583
183
666
260
217
249
203
865
856
179
723
