371
7566
7148
5410
5391
1872
8047
6204
1560
7482
2199
4197
1771
3566
6765
2688
8845
8631
9249
7711
4458
6848
1384
5374
9929
6483
5656
1218
2192
5769
7513
3936
6652
9923
2617
4543
3474
6439
5011
2221
4347
5128
7876
3515
5816
7583
9274
4638
6355
5658
5155
1679
7240
6222
8116
7356
4670
5982
7168
7724
1844
5916
4511
6111
8472
2840
6361
8002
4114
5065
8119
4160
6141
5753
1176
5556
7442
2976
2984
5137
5323
6449
4387
4892
5119
3008
7292
6498
7547
1015
2986
1721
4037
3993
5079
8039
3690
4600
1532
6488
7440
1809
6205
1405
9312
4939
1596
5728
4523
2428
8147
3339
9052
4844
8241
8162
3836
1304
7947
1335
5083
1977
2840
5404
5304
5027
6481
5798
4989
3655
8494
6260
7487
1133
8926
4129
9527
1841
7629
6960
4840
1501
8686
6854
1109
7115
1147
3240
5992
1621
6481
4878
8902
3282
1024
8103
3038
4073
9862
3239
9267
9293
1757
6385
2727
4125
1715
9535
7342
3177
1233
8888
2757
2771
6981
4094
8945
4529
9955
7546
8618
7085
5663
6211
5205
3019
9965
3303
1177
2431
5729
9126
8046
5469
7009
8994
6866
7049
5900
3224
8787
8066
5314
7600
6762
5424
5074
4814
3852
4106
6106
5535
4883
9861
8262
4579
9930
8202
1487
3403
9584
6813
4899
9334
6364
8555
6313
7833
3130
8518
1129
4579
4655
4670
2268
1865
8074
8787
2708
9097
2357
2481
9492
4518
6309
6100
2290
6093
1788
7736
2727
2567
5322
9954
3555
1472
2533
8377
3693
1052
5334
1636
4156
1967
2423
2810
5672
5287
8398
2225
9595
7885
6156
4254
1168
1934
9181
1886
8535
7785
5851
6540
1204
7366
6847
4778
6618
2954
1501
4389
1269
5492
5750
7513
3500
9638
9133
1505
6403
6731
2294
5346
6142
3791
3224
7447
4827
9928
8818
9042
3484
1595
6080
4736
3955
7265
3989
3433
7650
2982
6881
4966
3109
5190
3250
9613
4208
3674
8523
3869
6131
8704
2081
5542
6464
8214
4429
8428
3715
1236
5569
9167
8831
6591
9371
2558
2221
6740
1510
1502
1750
7019
9286
4361
7243
3079
8232
4688
9294
8043
4590
7678
2988
8519
4267
2140
7949
9477
5368
5079
6679
1889
