496
5641
3975
3389
8411
5915
3481
7659
3642
2959
7455
6063
7554
6758
9384
8638
8394
2294
6140
1011
7176
9548
7945
9836
6523
1366
1570
5432
6605
6153
8276
4594
5852
2620
4486
6149
8645
8997
5624
2655
4239
2388
4851
5876
9289
8173
2224
1728
5222
2707
2404
5082
5214
2238
5427
6161
5439
3864
6639
5892
6894
9858
1476
3049
3048
1643
1421
4250
2823
5138
2374
7508
4399
1014
2150
1733
9789
2310
1222
2022
1173
7587
9050
5414
7886
3434
7707
6526
5392
5745
6427
4288
3259
1444
6776
2239
3986
8792
4152
1284
7798
2415
1687
1728
2043
5854
4892
4763
4890
8832
6439
7507
6604
4104
6878
9749
7733
6218
1963
3115
7699
7635
7530
9822
3764
5393
8746
7734
5289
1026
3410
5217
5165
4506
1170
7104
1407
8232
4631
9645
1815
6138
9084
9505
8587
5668
6069
6604
1370
2416
3445
9601
9676
8124
5674
5068
6432
7053
7409
3338
3016
9498
1732
6026
1067
2523
1162
3522
3484
7400
6825
8624
2407
9645
4702
9531
9509
3371
5861
6423
3687
7106
4458
8462
9873
6526
7953
2347
9541
8419
6550
6158
5569
8849
4546
3611
7445
6638
8598
6536
6140
8475
1094
4453
9545
3453
4591
2841
8337
4302
9017
4911
1313
2998
8434
3462
1925
2576
9284
8271
5892
9541
6826
5982
9305
1392
9320
2161
2886
2195
6072
4894
8304
1775
5743
5788
5027
1557
6887
1812
1477
2011
8962
2298
5447
9848
7977
2757
8220
5723
6276
5424
8859
4646
8720
4884
7967
4352
9304
4098
6417
6260
8523
6139
3966
5744
2654
5683
3519
8758
5351
6050
5585
8963
3471
7911
7220
6683
8100
1316
5706
2299
2646
1861
2203
4435
5520
2852
8149
1858
2537
8913
3796
6166
8877
7514
3502
4963
9937
3219
8178
2313
5673
3823
2362
3972
2635
9117
6957
2345
3001
3596
1976
2319
5235
5736
3425
7358
9238
4479
7116
1183
3612
8354
3205
4672
9983
2519
9014
6813
3820
4443
7499
2577
4056
5040
4743
1390
2374
8210
3866
8567
5092
2393
6445
8543
8217
7258
5737
7004
6902
1436
8630
4172
4670
5191
8789
2527
2253
1891
6698
3306
9783
2225
1878
7081
7368
3420
8537
4963
7982
9147
8160
8683
5063
6668
6262
2985
1391
7673
9062
4872
7543
3905
7146
3293
9256
5217
8757
6850
2117
5829
1899
7416
2095
4631
3457
5689
6234
1328
2510
2392
4164
3279
9207
2314
9506
2445
9806
4649
3590
8033
5474
7930
3658
6497
5301
2453
5000
6036
4222
3563
2155
3303
2485
2700
4931
7727
3368
8650
9534
9603
8380
6491
6156
8701
2040
2556
4064
3417
3410
5002
1628
5936
2852
5453
4928
5472
7706
9324
4553
4593
2716
6190
2789
6975
5310
7052
8929
2593
1290
3206
4171
7153
5425
9475
3452
2173
9023
1850
9386
6422
4547
7352
1460
1526
1413
8985
4887
6283
7251
5758
2390
9041
3072
4878
6438
5485
2152
7596
2423
4906
2671
6334
5687
3971
5730
