294
5280
9905
9396
1342
8243
3415
3959
8184
4377
3895
5257
2439
8854
5364
8885
8158
7318
3781
8388
6206
4690
5706
8754
7978
9865
4292
4086
2457
2350
5791
8390
1302
6415
5636
4604
4799
2046
8288
9311
3040
8897
4574
5883
3671
3894
4929
9863
7587
9556
5232
1271
5327
3461
8105
8801
8363
4685
7647
8068
6764
2446
6345
7519
6692
6842
3386
8017
5088
8077
7963
5950
9011
8461
1668
8527
6939
6177
6764
2981
9250
5776
2227
4086
3043
1799
7350
5641
6679
5601
4929
9034
6590
1340
6592
7594
8076
6263
2591
1776
2971
6433
9637
8954
9816
3372
5727
9776
7269
8701
3499
9949
5196
9250
6258
4462
8799
6411
9857
1280
9568
3098
7944
9480
8164
7551
4065
1458
8883
4417
2052
7234
5210
6727
1711
8106
6460
5189
6132
8635
7510
8814
7836
8104
6361
5521
4056
7251
5034
6613
2209
5898
6611
5236
4332
2702
8114
6433
6533
6793
2704
5690
1582
4816
6578
5508
5643
4681
7918
8569
2614
1930
1664
5768
5509
5377
1241
5496
8431
1801
7768
8196
4107
7952
9577
3637
3792
4685
2667
5699
9583
7711
9406
5733
3868
8935
8652
9004
3071
3258
6280
7876
1727
9697
6885
5120
1302
2999
7481
2666
6297
7544
3230
3634
3562
2960
5621
2890
6598
4500
1714
2395
5960
7875
5233
4523
9939
6509
2244
6535
1100
8415
9350
3309
3650
6040
3550
6596
1485
9902
5085
7724
6598
7881
6561
4508
6310
1534
3880
6309
2014
7791
8206
7047
1655
6642
4995
7713
6678
2373
8644
5729
4180
3567
2636
3510
3508
6451
1833
2678
8221
7647
3403
6570
4699
4673
8186
4744
9891
9949
5152
6249
7159
5660
8633
4020
7816
2354
1477
9637
5668
6273
8411
7359
1428
