500
4574
1162
4305
3323
4309
9575
8760
5763
5797
6707
8258
9226
1159
7711
7670
9836
7350
3909
9882
3942
7937
4258
8971
7373
6951
4754
1462
4050
2180
7998
4861
3552
8798
4135
3642
2759
2648
4899
6294
7542
2487
5336
1509
6784
4018
8987
6967
2829
8854
3714
8963
3693
9270
2530
8496
2192
2476
7253
2406
7754
6526
8120
3487
8279
8682
9807
6132
6224
7992
2576
9853
5668
3546
1293
1025
4790
8245
6276
1420
9215
1078
7102
6077
9952
2630
7310
6641
8384
4671
6635
3522
4820
2113
5826
4250
7014
4539
2950
4732
3336
8223
6603
7236
7721
4557
4354
7533
1936
4161
5853
4478
4963
6401
3507
5931
3507
6764
7132
6048
3591
7640
9468
2898
3178
4569
2853
6366
3377
2901
3483
6316
5004
4256
3581
2031
7991
6339
5782
8731
7505
7736
6933
9512
1661
1062
6039
9564
2887
5649
5231
5245
9179
5455
8446
2759
2704
4879
5081
3617
2401
9694
6668
6598
8921
2558
7764
3078
8557
9731
5213
2746
4776
5454
8624
9865
8134
5792
3980
7993
5768
8075
2531
3072
5145
4882
2656
4728
7944
9108
9826
9937
5895
9295
1382
8359
8990
4280
3144
6730
6077
2638
3881
1004
5710
5925
2085
7010
9848
8541
5696
3407
5066
6796
8856
3144
4310
4624
9877
1830
2043
8220
4043
6496
1053
8802
3101
8198
9709
4070
7955
6147
5433
8290
2258
3906
3717
8741
2206
9149
7343
8838
6625
1765
1364
3173
5991
2901
5731
8357
8196
4314
4867
9548
7284
6970
1105
5263
9347
8449
5767
1291
2347
6089
5244
3600
7303
8048
2281
8191
6857
2882
7144
6467
8484
6548
7241
9102
9013
1230
2733
6746
4115
8334
9688
9551
6763
1166
4418
5025
5130
8661
9398
3370
1115
4993
7630
3526
5734
1152
5965
5472
7352
9490
3226
9780
8440
7429
1982
3902
8871
9486
6357
3654
5645
6978
4900
9590
8677
3347
7359
3984
7104
5065
7831
5362
3055
3091
7455
3991
3008
3572
5327
8987
2374
7429
2262
3452
1974
7704
2501
6308
9372
3504
2504
5132
2144
6082
8733
2423
9535
7943
1741
2192
2345
2926
1677
6950
1254
8893
2145
8587
4345
8968
9293
5961
8941
4302
4216
5248
9214
9931
4523
8062
3668
1843
7883
2180
6412
1559
9337
4734
3360
5935
2090
5342
3347
8685
7258
3832
2128
9646
9762
7483
4062
8650
2993
8672
4046
5410
5638
1305
4132
3816
7202
7075
4480
6582
4038
8869
3175
8767
4753
8869
7510
4260
8245
1606
6248
7823
6463
3044
5554
9088
8206
2180
8770
4037
7264
2559
2374
5692
3066
2239
7093
9221
8638
6530
5149
5311
5888
8758
5300
2885
1091
4737
2494
3303
1768
1041
7900
2516
2597
7207
1026
3202
8921
3228
1567
5243
6541
6403
5895
8511
7087
6205
2256
2695
4741
3464
6802
5013
9668
9156
4136
6522
4143
8673
2161
8142
7161
4409
9564
5464
2741
1505
5091
4254
7226
2510
7324
8137
5559
8782
4731
4128
1422
7875
5598
8002
8251
