453
4568
4860
8735
4941
9649
1671
9483
2966
8575
5958
4642
8058
4844
9108
4328
8936
3804
4456
2998
3464
3561
3465
1004
3805
8524
2719
5064
7458
9149
3686
7358
1919
3587
3048
5180
3925
3677
5278
8605
8009
8279
3310
8994
8795
6061
1540
8163
8109
4082
6449
8656
5490
1311
3768
1726
2674
8618
2604
2815
6410
9545
1688
5994
8661
1759
6000
6586
8052
6767
1533
2763
2257
8388
7422
5462
9564
1975
5199
5480
3992
4932
5384
4833
1819
3133
3884
1253
7743
5228
1872
1545
7965
7776
1073
8413
2712
3237
7937
1242
8394
9455
3143
9378
4158
2912
9174
4109
3144
2817
5103
8304
5207
6480
7512
6334
6240
3830
8490
1011
2288
4372
3164
4636
2097
4094
8608
3736
3837
3778
2950
1362
3340
4863
2548
6063
5758
7227
2968
2079
2177
3839
5843
1078
7016
9277
4109
2492
4392
3801
7101
8481
6401
2982
3841
1964
1930
4905
7254
3932
5244
3779
9970
6756
8854
8427
6709
9813
5741
3379
8279
5955
7213
9360
7225
8475
6541
1177
4388
4464
6843
6052
7701
5251
5850
7172
8703
1357
9562
4523
1150
4372
9025
8590
4804
2973
8036
2029
8536
6908
9278
3130
8496
3536
9531
2959
5802
3389
2208
8111
6265
9201
5874
3260
7213
2564
5154
5658
9032
5953
3119
7821
2794
3142
8188
5190
2892
1243
5352
9670
7441
7496
5558
4479
8176
9431
3901
2119
7318
6074
7226
8003
9206
3983
5351
1892
9918
3289
2831
9532
4383
4388
6301
9392
8442
6117
5455
8276
7299
1282
9864
1836
9745
1276
1923
4266
8489
2077
4670
8584
1028
5924
6149
5162
6853
4088
4205
6970
2290
7905
4878
7849
3691
4058
3462
1674
9552
2404
8748
8162
6785
5678
8053
4729
7270
7234
4222
5338
6782
5349
3545
2704
6509
3373
8251
3323
4953
7142
2870
6677
3152
2875
5727
3625
9164
8535
8178
4346
3255
4285
1560
5214
1628
6108
2718
5229
7103
8962
5994
6680
8219
8825
9872
8681
9627
7478
8314
1651
6790
3883
6175
8623
7644
4901
1616
8527
9726
3226
4352
8961
3001
4947
6149
2798
6421
4831
6480
8362
6799
6753
3314
7785
2204
7283
5330
5083
7450
5909
1029
5528
5356
7476
2713
8195
6794
3871
3318
2153
7083
7398
2889
5901
3451
4469
4503
5346
7958
2421
6104
7167
4286
6942
1198
7678
8012
2189
7244
8007
1688
2665
3900
9090
3362
4213
6390
5751
6989
6049
8361
6339
8805
2060
3309
7153
4388
2611
6115
3869
3370
3382
4866
1001
3194
3209
5213
3293
2611
4323
1095
4044
3708
5162
8847
2362
6953
7698
3937
8555
6058
4736
6493
1563
2215
7917
8042
6082
4065
5439
6780
4944
7629
8843
8506
7584
