211
4959
8138
6515
8594
2537
5225
3933
9734
6229
6926
2654
7090
3825
5947
3828
4724
4945
7080
9883
9224
3600
7544
8608
9643
1439
8050
5245
1318
2499
7845
2129
6966
1752
7217
5745
3717
3253
8728
3363
9983
8220
6935
3133
8986
4859
7853
9957
1695
5486
3148
4174
3898
2136
1198
8764
5195
3316
9166
7347
8774
8749
6828
3748
2616
9024
7393
6382
6676
3098
6674
7261
1892
7303
8339
1915
1780
2368
4926
6780
9121
9230
2166
5886
9373
7623
9215
1216
3406
1542
9465
8672
6847
7115
7716
6814
9561
1661
3600
2753
4483
6840
1465
4976
4238
6536
8636
9380
4315
3406
4008
8836
3781
7700
9726
2860
2563
6907
4507
7907
4215
1980
3706
5405
8015
4211
7438
6878
1281
6729
9258
8026
8035
7255
7461
3851
5584
7737
1392
8936
3961
6540
9564
8620
6705
8088
1195
7338
3824
8822
3359
2777
2340
6538
7497
8221
2582
7485
3534
5293
3707
7544
7413
9504
7738
9259
5438
8229
3933
6040
9688
6419
2482
7963
6145
2050
8101
2354
4132
9684
7884
7013
3024
7625
5340
8118
7725
6748
7738
9035
9427
8439
8873
6774
2349
1829
3929
2340
1972
5542
2827
9080
6562
4126
6516
1631
9152
1294
3194
5956
3342
6093
