298
4669
9294
3670
3275
1189
6465
6750
6400
2909
1217
7463
4748
1465
3753
7415
9141
2571
3057
8842
3569
7727
3619
8332
7956
5456
7676
3306
3719
1399
5652
3988
6716
2989
8237
9220
5452
5251
8959
2838
5256
6910
3574
3326
3607
7621
7071
6668
1011
9683
1666
2733
5187
1560
1479
8705
3644
9725
2969
3549
7681
3772
3566
6084
5302
8785
9195
7471
4888
4879
3269
8190
5411
7366
5629
8072
3033
8026
2934
9413
2934
5995
9942
9396
4968
1365
4342
6446
6609
4225
7937
7030
5623
1294
3230
3514
9458
6029
5346
8614
3310
8416
5553
8485
7747
7337
7318
1022
2395
8560
3230
6133
7347
6858
6984
4323
3946
7567
9043
4566
5702
4669
1660
5505
1091
7794
5511
6797
9138
2891
4928
1837
2343
7172
8931
2190
8687
8233
2832
4381
4977
9088
6158
2722
1128
1076
9630
9172
5045
5625
6868
3678
8431
1630
2750
9436
4042
6931
1265
3961
1512
6638
8439
3933
1026
3914
3877
3041
5752
3668
7356
1599
7551
4487
8861
9153
5992
1896
3146
1006
1399
5982
5781
3514
9429
9422
6736
1779
6090
3222
4288
4757
6958
6679
6947
9707
7126
7987
1157
9908
3732
4608
2162
6303
3577
5779
5798
5437
9032
1098
5776
6898
1492
1189
2539
5677
4366
1879
6196
5437
7818
6129
6790
3018
5330
2170
7684
2065
6604
7670
8263
8681
1481
4392
1905
6210
5951
8424
4734
7819
5740
5170
6037
8317
7370
1319
5979
8962
9479
2824
2858
5336
2893
3955
7522
5630
7131
3133
9239
4386
9638
9123
4721
3220
9087
8811
9591
8504
3104
2816
9557
8869
2158
2639
2514
4080
5169
1550
8266
6229
6130
7264
3529
2701
2227
5147
7600
8791
1381
9026
3420
8674
3184
2946
6139
5794
9001
9158
1875
