405
8153
9097
7582
2761
1180
7349
3796
8252
9259
4397
7703
6683
4059
7373
6648
6695
7612
3359
8636
8692
6258
4070
8914
1679
3195
7400
5146
8413
9199
8737
4956
7720
2113
5629
6505
3279
3664
9302
3219
4988
6338
7923
8990
5669
3266
2273
7610
5023
6630
4930
4317
6052
3162
1005
5888
3595
1249
1927
5812
5931
2117
2589
2899
9298
9887
3427
3018
8595
5629
5845
2283
6516
3223
6875
1243
5527
8602
5147
6701
3063
1401
8352
8399
9051
2531
2284
5840
6497
9246
7657
1859
9712
2948
6709
6095
7641
6114
5295
6783
4367
3856
4710
5809
5387
7825
4328
7908
7809
7584
6807
5801
2015
4264
8364
7427
3602
5660
7924
7876
5554
5145
2265
4038
3196
5445
8821
8245
3301
1498
9605
9358
4793
9622
4351
6961
1191
8809
2912
6014
1515
5936
5007
4154
4272
6875
3535
6594
2152
6496
3453
1971
5151
5555
6914
4367
2718
9265
2065
6334
4389
5659
4197
1565
9722
8511
9862
9252
3106
9326
8543
6585
8738
8181
3649
4619
6273
2033
6871
6696
9221
2196
2314
5617
8274
6238
4059
1763
1043
2152
2752
5365
7993
2972
4006
9507
6429
4270
7150
9226
2674
8396
5597
2827
7213
7217
3040
6437
1543
6906
4333
6411
6716
4708
4739
9726
5903
2030
1535
6782
9435
7936
7753
9643
1102
9647
6471
7309
6963
4148
5812
4763
5218
2807
9100
2931
2456
2453
5606
2814
3174
3809
4809
8578
2303
3049
9186
5731
2302
8484
5612
1595
9210
1174
2025
1190
4251
5241
9198
7511
8482
1606
5110
3989
9818
3349
4991
1088
7294
8167
9953
9856
1576
5258
4860
4882
5244
3401
9860
8529
3024
5695
5171
5607
4170
1867
9584
6551
7047
5354
6713
2968
6798
9931
3464
3714
6673
5824
4522
4680
3920
3722
1034
5878
4249
5693
2852
9994
5294
7880
7466
2852
1535
1177
2983
7273
8438
1212
2496
3649
8609
3184
1248
1960
4237
5285
3885
1965
1449
4181
2226
3957
8464
4800
1558
8351
3251
4911
6017
6279
6485
9906
7571
6882
9778
8916
6398
9208
9951
5568
5081
5257
6702
3414
1511
7341
6537
4733
4129
7166
4071
7523
3528
6577
9614
5508
6885
7714
4399
2941
8662
6395
8064
4800
9896
4074
7640
5894
6158
2291
2733
6291
6703
2346
7403
3722
3806
9412
2342
8010
1171
7554
2739
8598
7670
8610
7954
4393
6195
7919
1904
6071
6309
1408
4401
5307
