251
1361
3517
2779
2991
1856
6983
9681
8933
2420
7276
5371
9236
7693
7643
4170
1761
7268
9522
4688
7646
7434
9159
2120
9305
6672
2255
1386
9041
9022
6895
7853
6441
5612
9692
8785
3564
5475
9330
9930
5228
4858
4102
2177
3665
5920
2454
2652
9196
2191
8630
2009
7964
2156
4479
3984
4000
2157
7752
5009
8863
1030
2027
8253
5857
1691
7443
3634
3017
2397
2849
2579
5474
6404
4883
1318
7302
4447
4905
1999
7562
7579
2484
3303
7557
6874
6051
5645
8788
2846
6798
2372
2857
3100
3668
3988
8338
2936
9259
1328
1281
8099
5022
5800
6422
2240
4642
4495
5538
7223
3180
3698
1621
2177
4241
7883
3881
7461
3765
7086
8507
5299
3516
3013
6999
7912
8847
7587
3892
3492
2405
9656
7063
4346
4272
5317
4950
2357
4300
8224
8896
7588
4979
2175
8312
5199
3229
7832
1597
4068
9856
7250
4114
8739
1164
7222
8818
8751
1904
3321
6404
7983
8517
9899
9258
6242
3295
4998
7390
5121
9786
5685
6253
2620
5315
3307
4615
9812
9529
4337
9098
1287
7074
6372
2228
3747
9297
2531
6231
6213
6096
9155
5355
8136
2292
2231
9302
5670
4080
2279
1064
2984
6199
6586
3550
1694
8760
5990
3533
9094
4346
1613
4314
6696
8455
7986
8420
5168
1531
4994
6543
9598
5808
2290
7275
4406
1089
4688
6051
3713
4905
1498
9704
5904
7609
5513
3384
7422
4588
9788
3882
2592
3727
7594
2113
1710
6764
3625
9751
2743
4774
1485
