361
6127
5156
8222
8940
3321
7615
2609
9919
7610
2690
1107
3612
9227
6339
7701
9045
1362
5125
7656
2136
9715
2824
3277
2736
9279
5424
8823
2521
3703
1468
6939
4439
3780
8997
1198
7761
2635
4783
5721
3172
7512
3617
7892
3364
6060
1490
2618
7677
1345
5842
5686
9929
8322
8098
3002
5530
8633
4044
4350
6773
6164
4162
8391
2405
4395
9131
1123
5957
8196
3876
8120
4010
2220
3043
8711
7325
9264
3096
3856
8808
6502
2143
1295
1939
7962
4883
6689
4687
6456
7961
5680
8071
3157
1030
3357
9151
6409
7276
1413
2931
5655
6432
1399
5584
7557
9558
7818
4458
6030
3553
8098
1836
8549
6577
6572
7641
4110
9135
8732
8478
2635
2956
8227
1246
8806
2492
2225
3198
2846
8705
4337
9598
6980
8151
6550
1633
3111
1399
6730
1597
6591
7500
8220
8096
6605
2787
7772
3033
8056
5501
6342
7066
2304
5129
1332
4466
3417
1234
6319
4662
5260
8942
4343
6619
1787
4627
3183
9899
1251
5671
3561
2437
2593
3145
5848
2473
3428
9096
9576
2783
1065
4552
4004
8635
8589
2323
9121
9669
5409
4796
8985
8866
2892
9016
2473
1697
6883
3688
3825
6822
1681
1126
8744
8344
1166
5263
7643
4562
3057
3315
9295
5094
3720
4492
7515
4501
5434
8736
9096
7141
1720
7393
1778
4308
3959
9914
8172
4247
7260
9824
2480
9349
1014
3111
2859
9529
6532
5374
2330
9450
6042
9571
7636
3327
8047
2514
9820
3429
7819
3366
1894
1880
6074
3844
2457
9847
5930
6214
1093
2278
1637
9038
6635
8527
3957
7968
8806
7097
5591
4873
5562
4090
7779
7618
6924
9254
2983
9838
6083
7262
9841
6889
1110
6755
8449
8025
1172
8972
1978
5179
7686
9942
3076
6422
2195
7442
5603
4790
3033
5557
7509
7616
4149
2977
1514
1183
2976
6817
3116
9126
7968
5758
8930
1947
1181
3238
2105
4764
6671
7381
8351
1846
6372
3178
6053
2865
2012
1641
6967
1627
6339
4457
3730
8530
8941
2793
5640
6540
3660
9229
7182
3433
6640
8960
6544
9508
5986
6932
7662
4122
4381
9547
3080
6171
8804
9751
8750
9512
4173
1727
5209
