390
4856
5059
7013
3808
8276
9263
3558
1916
4122
8115
9163
4975
4176
6758
7809
2370
8443
9623
7194
5728
1140
2864
9485
8948
7634
6281
8172
2478
8383
7055
6935
2743
9080
3992
6186
7560
8275
2732
2916
3257
1377
1868
3656
4316
5982
4285
1139
8682
9742
5616
2128
6452
5861
7466
7979
7364
2486
6264
2609
4503
5676
7635
8459
8010
6852
8236
6750
9803
8031
5786
9793
2118
5528
6318
1115
2695
9922
6474
8061
7196
3358
6009
8073
8974
2917
7410
8248
9777
5505
3733
2446
2870
1050
8275
6033
8878
7928
7324
1915
6708
3645
1281
3655
9896
4615
7042
7668
3271
6950
8207
3065
5591
1589
8266
8889
5986
6941
6608
2375
2003
2015
7064
6582
3773
6240
7311
1619
1125
6326
8723
4437
2166
7176
7348
1652
3246
7800
8929
1183
4854
5969
5505
8804
4851
7630
4630
4972
6131
3416
5997
7806
3770
2226
8320
5862
5109
2533
9153
7613
9602
7342
1696
4927
7532
7652
5576
2602
4330
2998
3490
2417
1168
9764
3128
7921
6549
1080
2498
2879
7664
8502
5362
9229
6692
8080
8344
3283
4095
7028
2258
2695
6845
8062
7144
8992
8082
5168
3130
2397
3963
9691
7786
3691
2654
4535
7820
8419
8473
7391
4848
5191
6438
9030
6816
1758
5035
6319
4269
2785
6191
6205
6504
1873
6481
7892
9617
7547
6486
6909
7777
5373
6343
5403
4526
8952
8424
3028
4169
9597
8437
6906
5559
2763
4816
4627
8113
7216
8402
4338
1272
2057
7202
6422
4500
4190
6047
6937
3628
7663
8802
1340
2053
1942
3228
2164
1437
4442
6410
3059
8661
4632
7544
7130
9521
2016
9999
8305
7579
5532
2090
5827
7151
4591
6230
1718
2427
5580
4676
7013
4688
7825
9155
2241
5388
3493
7307
3229
5418
9241
5907
9074
4201
3584
4713
6817
2403
6346
5570
4657
6727
5342
9873
1602
4299
7433
6526
2749
9271
9778
8764
5763
9873
5833
9256
6048
8268
8628
4805
3676
7865
1683
9415
4623
7197
9667
5558
6216
3945
5119
4866
2646
1160
3927
1298
2284
4194
3456
9747
6917
7528
1401
3669
1468
6597
2608
7083
2601
6628
2310
3683
6710
2967
7176
7491
8177
3289
7025
5091
3280
1931
9065
7444
6929
6666
7869
1077
5603
9688
7740
8031
1547
7650
9969
4275
4270
7039
1687
4391
3625
7992
