338
1210
8195
1574
2729
1770
8905
2816
8144
6198
1315
8111
4224
9890
1050
6701
6143
8649
9983
5913
3513
1577
7011
3193
2872
4255
9826
4072
7684
1391
1978
9640
8140
7509
1175
3643
1888
4048
2660
2446
9101
8069
8279
9460
8557
1531
3894
5771
1919
8725
4539
8699
3575
4721
4099
9721
9892
1080
2314
2807
1135
8911
9618
6987
5213
9055
6275
7323
6277
2649
4530
7582
9870
9716
2318
8921
6051
5576
6658
1679
4349
8697
1983
9814
3674
6148
9086
1517
6922
9736
6471
9891
2066
2416
2151
6868
8834
6447
8749
4752
4019
8669
4646
6065
3949
8119
6080
6588
8358
3389
6953
1856
2634
2785
9369
7953
5420
7592
7331
1781
8600
1881
8920
5526
6422
6285
5859
5050
3631
5685
8831
8861
1051
1095
4647
9942
3780
9027
1363
7420
2933
6197
6593
6531
3436
9523
3244
2661
1516
3672
4294
7691
4784
2422
1882
6429
5041
4862
7784
3380
6807
8610
3101
1721
9147
8282
2849
7215
5119
7822
2916
9302
3635
3888
6570
3675
3990
3341
1194
9061
5697
6974
7547
2830
9583
7175
9885
6001
6865
3000
5622
8215
3438
6623
2036
2787
2246
2799
5218
9207
2587
8573
9374
1005
7381
4366
5039
8889
4209
3026
3547
9376
6069
1903
9380
9184
7047
5601
4685
2463
3336
7580
6812
7877
1450
5158
5272
5918
7082
6852
1641
2410
5425
5298
6645
2778
8755
6054
2243
6151
5959
7661
7234
5807
4801
3691
4978
4269
4582
4634
6880
6563
3246
4158
6047
7877
4170
7444
3769
9108
4022
3674
3913
8816
6795
9888
6115
6033
8631
5421
5988
8419
7172
1474
2720
4588
7369
4586
4477
7883
8798
3512
6322
4581
8135
3413
2091
7765
8027
1638
6574
2003
1851
5378
5550
9030
9399
1859
6797
8937
2062
1428
9844
3487
8238
7455
8809
5027
9804
4087
2452
2770
1998
6673
8103
5429
7181
2500
4012
8888
3149
6612
8116
3513
3335
1716
8559
3754
9775
9009
8481
4961
3656
1107
6234
8899
8678
5585
1448
