278
7363
3080
3509
1945
2047
4580
5724
2674
4771
9527
3115
9622
8630
2661
9468
4187
8211
7622
5577
4755
5433
2071
1082
9363
8560
6022
4751
6491
1915
7071
9157
3071
9293
8408
1554
6639
4277
2298
4309
9182
8227
6272
3737
5280
7794
8828
9551
7712
2079
8832
9004
6829
4528
8128
7883
5247
6104
1380
5154
7235
8226
5199
5873
9814
3452
5321
2897
3129
6537
1760
1425
9931
3876
1405
6107
6604
5819
5120
1810
7660
6110
4826
3983
1182
2102
4371
2974
5297
5175
9445
8025
2358
5349
7272
5715
9553
4857
9676
4020
7911
8875
4623
4321
6989
8854
1339
4278
1113
6235
2660
1236
9013
7516
8737
3080
8508
7752
6142
7436
8284
1584
4283
2898
4572
8863
2571
8442
9027
5287
9797
9768
1024
3360
8650
6185
3823
2181
9701
4479
5880
1748
5300
7926
9611
4591
7804
9077
9821
7282
3307
7849
8606
1698
5001
3566
3457
5999
2550
8771
2291
4719
9391
2334
2780
9369
4945
3261
1570
4911
1421
9087
3708
8155
7842
4678
3337
7526
8886
5723
9489
7478
8699
7368
7692
3453
8893
1570
3569
4638
3853
3800
4605
6417
6657
4706
5544
4675
5321
1047
4531
1039
8819
2995
7239
9300
1893
2841
1547
4036
3184
6117
7033
7362
9610
3762
6048
8185
4155
3564
1214
6041
9323
8669
9577
6637
4003
4954
7296
7181
1693
2759
8736
1897
8646
5389
4998
8276
3053
4387
1905
3705
2733
6302
8982
7241
5343
6319
5419
6578
9209
9431
9723
7215
2376
7684
8348
5709
1707
6232
4000
6204
6683
2729
2475
8475
7058
2801
5551
7135
5035
7282
2172
1752
3884
1967
4890
4349
7821
