358
5305
1224
4894
5850
2209
8462
1481
4553
5101
2475
6040
6118
6496
2800
2974
3932
9736
5633
4457
6410
8745
7326
9497
7163
3008
8988
4812
7383
3885
1134
5684
7246
1286
7676
5230
8576
1908
7314
2297
6359
1864
9902
8337
9860
9103
4793
9843
7981
1502
4960
6780
9091
5406
5218
5811
7732
6449
4930
8966
5823
5686
5232
1626
1215
7513
6771
4052
8355
1791
2928
2082
6274
2246
3472
1934
2047
7061
1124
8114
9528
1645
9763
8582
9604
6673
6016
3896
4646
7810
6066
5720
5660
7293
9332
9834
6054
6874
3317
5687
6944
7487
7132
3630
1310
3269
8235
2533
6901
1821
9341
7582
7264
2266
4106
6925
2759
9324
1003
9135
9332
9511
8916
1215
9542
8000
4584
9107
7712
1843
2646
4985
8512
4428
3596
4677
6884
8613
8160
9622
7306
2904
8103
5542
6932
7325
8478
8337
1974
6150
8912
1775
5977
1004
2941
1221
8843
4956
9627
2908
1460
4693
3582
3766
4743
3545
5859
6695
1947
2167
2911
6599
7606
4064
5905
8038
5893
7948
8178
6248
4331
8966
2193
9053
8952
9967
6994
5766
6976
4941
6869
7040
6503
3881
5850
9546
4287
2627
3028
4815
4946
3423
1892
7933
6356
4017
6758
2733
9403
6001
1876
1771
2124
8548
4519
1808
7209
2734
2580
4226
4596
3018
5860
5475
5588
4359
3649
6466
8639
9391
4742
7125
5100
9521
1345
1516
5200
7092
8449
9754
3880
9600
9762
6510
9879
8883
4437
3889
6687
7624
3198
6448
8148
9368
9495
4192
6223
7928
2221
6212
9380
6875
9704
8540
2526
5245
9405
1638
6896
8828
3763
3481
7907
5425
9298
4780
9369
3655
2483
6670
5589
6358
4082
6251
4322
5998
8474
1182
2666
4363
9149
7326
3859
4467
1483
7042
7807
9485
4968
1773
9964
8426
1166
6732
8899
9862
2434
4602
7923
4092
6323
9922
4289
9495
6325
2386
6006
5602
5475
9870
7926
9753
9462
9320
7580
2572
8241
7299
3178
3067
2346
3959
8053
1421
9706
3954
1830
3752
1448
6911
9466
2302
8637
3216
7982
8411
5336
3419
6197
4978
7091
2598
9435
2659
8249
6672
5070
9535
4506
