224
2131
2501
8393
2355
4355
3148
6351
6659
3142
5352
1304
9394
4592
3591
8248
8049
2711
1282
6738
9832
2242
3348
3680
1433
8135
7714
3434
8833
2713
9224
4240
1253
6153
7670
1676
3313
8145
9029
7013
2216
9626
4276
3973
5239
8603
9309
6259
6329
3416
9462
7570
3415
5092
9389
3797
4580
9074
9364
4279
3624
2560
6201
3440
6157
4207
4432
7831
7603
5553
3193
1390
3538
7562
7447
1796
9708
4315
3798
5207
1817
1418
6151
4161
4694
6180
3685
5326
7742
1759
7099
6222
8330
7064
7742
8250
8431
4790
1727
6861
5606
6643
4233
3363
3164
8374
5008
8332
1109
5468
3252
4654
2841
2489
5082
9887
5609
9704
4440
4857
9184
7940
5269
6553
8112
6896
5433
9330
3515
2200
2756
8122
1155
4139
6975
5692
4509
4833
2977
1186
6789
3327
9166
8746
9210
1733
2569
1715
6696
9842
8250
6543
5745
3509
3442
8379
5847
1899
5350
5295
6263
4152
4398
5748
9123
7770
9218
6579
7641
5030
4295
2131
3456
1521
2032
8535
1581
8768
5582
4040
2880
8914
1876
4770
6127
6556
3299
5530
3919
6075
4558
6732
8041
3463
2186
8887
4980
6762
1741
5326
8606
1696
3625
5286
1923
6966
5802
8316
6719
4330
5448
8440
4163
1971
3314
3389
2529
2924
9914
5508
7082
1006
6361
7265
8876
