427
4540
2384
9651
5138
1225
8567
5566
4018
3302
1256
3560
5285
3380
9313
2421
5723
7106
4369
5124
3745
3297
5931
2037
2345
5123
2565
4465
8604
8924
2838
9631
2242
8994
1864
4811
7650
2798
8878
3193
6948
7320
3692
1026
5744
1658
8237
6707
6459
3649
7976
3935
5068
9253
9932
6457
6288
6927
1897
1294
1628
6872
5122
5138
9362
9735
1063
5270
6275
5409
2368
3742
2715
9568
1053
5370
6905
5770
5263
8792
2531
5120
9208
1333
7583
5414
6666
9267
4946
4614
3022
7346
7236
5436
3177
7419
4456
3656
7779
9381
7298
9481
8386
4218
1809
4570
3881
4489
4838
7277
3833
9252
2043
7710
3592
6564
2696
5667
8963
1590
3942
5078
6053
4617
7720
9896
9768
6811
8483
8352
4325
1007
5040
6968
2151
2098
6274
7457
6722
9752
7891
2646
5980
7379
9929
5733
5660
6691
3210
3772
9294
6510
6230
8612
1337
4123
8042
2248
1870
6781
8093
8436
6243
6526
1365
8113
8103
4708
6958
8195
4812
7313
5784
9793
9128
8236
4291
4965
7745
7049
7854
3211
5760
4964
6154
9157
4904
1524
8004
6040
6120
4331
2287
3269
7647
5188
8470
6446
2546
8953
5407
7615
2269
1346
1600
4116
2344
7363
6330
8341
4158
5460
8300
5714
5401
2907
9481
2594
9283
3376
3213
1009
8190
8056
7885
2329
5996
3545
6634
3533
7485
3201
5111
2815
9625
1645
1884
8870
4220
9482
6013
2353
5340
2397
6471
8980
4777
4042
5337
1725
8558
6484
8517
2921
2252
3527
8950
8500
1607
2477
9714
9001
8038
8661
9292
7224
1750
8502
2564
2833
2498
7789
7556
5807
5215
7164
4636
5459
4476
3029
6338
6820
5567
7825
5658
3957
2723
2758
8478
7710
3357
6044
8097
7275
4119
2616
7528
3164
7954
8730
8498
9938
8097
1948
5400
2433
7170
3573
6604
5039
4155
5841
3797
1112
1219
7386
3395
6456
8949
7819
2168
7890
5570
4184
8935
2362
7494
5171
1871
9088
9595
6322
8505
8063
5099
1498
2785
6864
6781
9230
9505
5395
1754
9708
6877
3570
9909
3944
4403
3393
3893
4435
6940
2669
5439
7788
6203
7819
3244
5378
1799
9854
2775
7529
3953
9798
5285
3221
2459
2836
9191
7604
7287
8747
3017
4226
5144
9759
5983
3787
1531
7385
8250
5478
1031
7511
7162
5175
1752
8170
4998
4835
7765
5010
1372
6322
2659
5083
6498
6409
3548
3310
4963
9815
9217
6641
6230
9161
3977
9680
2912
2287
4494
1541
4888
3534
7993
3983
9680
2171
9827
9671
2948
7483
9916
7972
4017
7512
