348
1114
4532
6611
3887
4118
4183
2784
3406
9393
8534
1335
9741
1059
6367
7904
1607
4957
4683
2070
3065
5580
1736
5534
4978
8124
6591
8272
5794
5352
2711
8818
2984
1241
9268
5312
3965
8093
9333
1135
3558
4997
3808
5076
2588
2220
9147
2087
4172
4002
7348
2107
4574
1714
6861
7461
5233
4604
3302
7866
4776
1059
8670
7741
1511
3488
5445
3249
4408
6401
4676
4084
8167
4880
9057
6625
6612
7984
6624
1291
3655
4594
9791
8102
9401
5253
1043
7614
1613
3651
3675
6075
4661
3411
8875
4517
3328
9954
5400
3522
1206
4215
1525
2886
3778
3356
6106
5581
5637
9796
9661
4036
9807
6515
1855
3677
1369
7819
5315
9750
4080
4034
9292
8274
4980
4663
8353
6481
2835
9579
8948
3094
8770
7663
9229
1801
6961
2371
7045
2648
2805
6143
8359
2000
1326
3520
9545
6700
9715
9047
7601
3273
9151
8662
4267
9205
1974
1902
5218
6264
6070
6671
7287
9319
6829
4776
8050
7282
6191
3494
9730
8635
6565
4165
9288
5190
5240
9671
1243
8686
1126
1006
4655
5465
1741
8935
7212
1055
7645
6383
2587
8776
3773
4572
9891
6218
2438
9647
8725
6692
1027
8095
7093
6809
7128
5695
2503
8893
9317
2967
9203
1741
7714
4336
5516
4882
5992
6783
2666
7787
4075
9555
9319
6222
2311
1385
2951
6695
9168
1000
1408
1942
4783
1470
1230
7583
1118
4607
8676
3360
9694
1357
4527
4284
8124
7183
9108
2051
9677
5010
3127
3982
4158
1699
7734
8850
4084
2919
3113
3617
7482
8908
6541
9129
2274
7106
2120
2377
7264
1509
4574
7259
8785
7821
8120
6576
8948
2581
5042
1278
9734
8706
1219
3755
7021
2183
3713
7407
7507
4798
9777
6091
9524
8171
5981
5325
3923
4460
4464
8796
7536
7858
7445
1470
6546
9412
1563
7994
8192
4242
4939
5242
4410
1360
1696
2623
6869
4175
3015
2523
5221
5533
4638
1237
2144
1079
9455
8374
2796
3616
2011
2138
2584
7826
3798
1549
8371
8042
5339
7729
6520
6437
8801
4100
4828
1757
4672
5450
8793
