480
9417
2860
1400
1348
6201
2317
8193
6393
1183
2391
8109
3225
2410
9726
5544
8376
8730
5753
7248
1189
7926
6076
9263
7575
8932
3008
8123
3487
1835
4630
8106
3948
7292
4469
1404
3046
8273
1877
2376
6345
5530
5437
7317
3630
3293
7707
9793
6832
2228
2935
5012
2819
4809
3936
8794
1079
5265
4036
1133
3180
3612
6934
6429
7796
2671
3196
2449
5426
1624
6611
5729
7901
9655
6662
7409
9588
6582
7430
5292
5432
5368
2260
1493
8918
5017
6907
7638
8778
7850
2542
6378
3153
8754
6982
6610
8105
1632
9710
7974
8536
9096
4265
1953
8138
1090
3863
1293
1112
8394
1288
7606
3604
7604
4731
8078
3480
7788
8415
7365
9202
4265
3068
3673
3810
2867
2643
9089
2415
4137
5219
3711
3962
3225
3413
8387
6845
7772
8574
2508
2810
9940
7029
7671
3703
1527
9057
5637
8073
6780
2059
7175
5642
4985
9114
5353
3097
9482
2387
6690
9484
7585
8554
7608
8472
7047
1052
5588
6540
2469
1158
4640
2031
7759
7600
3528
7030
5798
3043
3175
4672
5770
6555
7703
3630
9539
5535
2470
5462
8454
9065
3841
6385
4107
7890
8769
1410
8446
5152
1537
3597
9085
7719
7206
6025
7795
3164
9684
3631
4760
4213
7849
2948
2032
3140
9326
4743
8892
3419
9806
6015
7448
1853
8383
9965
4589
2095
7357
3095
4531
2143
9412
5958
3435
8650
6244
8005
7774
1587
7176
7616
4192
2690
7454
6649
3581
2923
5713
9258
6001
3500
9178
7125
8930
3897
1177
9623
3435
9850
4919
8103
5693
9305
3590
2962
8692
9695
8507
7146
3368
3885
3375
7635
8552
7058
7523
2010
2010
9071
6404
7068
3869
2407
1710
5883
4420
5583
2127
1378
7774
8827
4785
5888
5670
6295
8932
9892
7582
6977
4136
5890
6560
2615
5636
6571
9368
4754
4114
3308
8915
1323
2987
8938
1052
5350
4635
7980
9982
6712
6937
7760
6045
8182
8033
7224
6494
1033
4968
6242
4851
5188
6870
1404
1692
5361
8613
1354
2463
4344
6206
2532
2372
5854
8894
2427
5825
2947
9547
8980
4960
9098
8030
2773
2228
1564
4374
4181
3846
4399
6896
8991
8037
2655
6502
6023
6122
1597
7800
6840
8018
6100
9473
8701
6260
2110
7869
6555
7509
2803
1124
8582
8094
5102
4377
4017
1338
3642
8389
7429
7674
4612
4498
6335
5682
9720
5529
3756
3390
6588
6290
3525
7714
2922
7136
2037
3626
4399
9366
6922
7073
7734
3850
6220
8031
6157
6455
9148
8077
8993
8619
1482
1859
8369
9259
7076
1210
1863
8267
4513
1419
9831
1132
8651
7097
4937
7209
3380
5474
7282
4626
8901
2581
6075
9101
8747
1042
4763
1672
3028
6003
2467
9092
3652
6477
5709
7224
2960
7027
1891
5628
2062
7366
8645
5935
8129
1396
4515
1145
1402
5353
3906
2745
5778
5526
5541
6371
9006
3179
4865
3114
6662
