230
7856
2266
2973
6893
9825
5930
9960
1354
6991
9720
2802
7118
7500
8209
2007
8531
6168
6339
2246
8358
7482
3208
6891
3864
8393
4899
5002
9608
2221
1085
7962
8709
3668
3563
5486
4668
7480
4775
3918
1186
7919
3511
5883
4942
9021
9021
6949
3218
9018
8077
6860
5757
8896
3857
6702
3813
6458
2603
7043
7476
1248
8938
5478
5169
5673
6971
6361
9092
1625
5847
8339
1368
5025
9080
6439
8634
9633
6038
9476
1925
4551
5721
8786
7776
4705
4811
5409
7324
9120
5468
4583
1323
2557
5396
2355
9302
3562
2378
7316
3895
8976
2987
6360
2009
2066
9815
5101
7173
2486
4282
8013
6748
5046
1088
6837
2542
4955
1642
1751
9742
6747
4471
9889
8017
6801
4406
7367
6681
5108
7133
2854
5554
1667
3711
1327
6914
2745
7633
9129
9855
8328
6024
1653
7056
2252
3976
8650
7346
1674
2794
4285
8342
6554
2863
4022
3047
1162
1437
4229
9947
4556
4430
9221
5626
8101
2455
5909
3869
6423
4298
2243
2478
4561
6336
5305
1460
9063
2415
9396
6310
5123
7213
6293
4428
3404
7219
3621
7477
5496
9923
2341
8308
9825
5906
6124
4065
7162
5738
4620
9617
6864
4940
1769
2818
8604
9355
1669
8857
2786
7614
3788
2205
1652
4446
1171
8397
3930
8815
8511
3355
5415
3114
3797
9233
5225
1919
2905
3051
5875
3694
