442
6294
2330
4198
9430
7595
6620
8873
1907
8408
6352
2057
4653
4080
2368
5382
3361
1102
6436
7593
8717
6165
6599
6281
3222
2072
9313
9109
2677
3054
4036
5978
1821
9844
7829
2331
2855
8524
9150
6955
6285
4009
2218
2408
5263
3692
5586
6659
2475
3862
3163
7009
6858
3849
8201
6614
6741
2104
2764
6193
4978
2279
4721
1174
5904
2754
5270
6858
9677
1076
5342
9059
1936
6484
1869
4927
3454
6077
2464
1247
6110
5522
3922
5378
2886
9405
6809
4484
9377
6471
5413
4776
1933
2483
1784
7056
5666
2388
6732
8955
1395
4416
3521
9601
4845
9668
8054
8720
5757
7652
3798
8603
2994
9276
9906
5607
1605
3786
4491
3492
3364
6889
3148
8387
9487
1571
8896
5494
7566
4967
2675
9297
2695
5994
9123
3589
8786
7649
5840
7906
1866
5294
2105
7514
9736
3368
3263
1415
2055
4110
6960
1426
4432
1542
8490
9807
5850
2503
9904
8774
5632
5841
3239
8838
6703
7126
4364
9999
8940
7051
8891
3853
3906
7909
9865
4881
9015
5092
6567
1311
9649
3795
4319
3054
3374
6487
3180
3354
8244
6173
2985
3046
7720
9441
8242
3322
3575
2454
8478
5581
7747
6144
1843
8621
5786
8280
6958
5925
6986
2186
3160
8429
1000
8293
4385
7021
5917
3908
8807
9409
6412
5905
4411
6686
4028
4042
5199
1643
1841
5553
3544
4015
6269
4207
2223
5057
8176
5273
2704
5323
6775
2444
3049
7024
5152
5116
7763
2961
3453
3739
2113
3541
7417
2101
5782
6283
6582
4973
7763
6765
9775
7004
5586
2752
1838
2324
6351
6980
2031
3638
2422
7862
6572
4035
1938
3774
4625
3133
2136
2136
1551
1187
7887
6481
6409
5368
4815
9526
4366
4855
5147
2511
6095
2852
6747
5971
1776
2321
2083
1700
1297
3512
2935
3512
3711
4465
2900
6350
1351
9032
1558
1635
7642
5773
7393
8601
8772
5155
2343
2150
3560
9999
4156
5202
4963
7700
5331
2958
4384
3943
2862
8608
5573
6739
2774
2587
3009
5388
9196
1897
9770
7730
7072
8273
9034
3004
6476
5668
5762
5145
4562
8193
8571
6715
5011
2276
5206
6044
2312
4484
4339
7968
8895
6669
4537
8911
8454
2592
9142
3616
7498
5599
6730
7545
1423
6718
7404
4883
8073
5338
4659
1871
5979
5523
8603
6824
7890
2659
5757
8746
1839
6999
5925
8940
8593
9470
9379
7494
3527
1229
4205
9097
7597
3209
4881
9417
8997
4684
5737
3572
7144
7397
5176
6609
7822
1978
6696
7647
8970
4806
6460
3469
8323
2106
5488
7567
6789
6953
3380
6927
8585
3669
1556
4609
8735
1208
9769
8909
7953
8842
9242
1565
1140
