579
2915
6398
7478
5513
7148
4990
8226
1417
5188
4694
5904
7231
7745
6460
3091
7920
3112
3700
9852
3620
6888
3191
6241
2959
2671
8017
7370
5453
9586
7754
2466
9600
1479
4655
3968
3073
4516
6290
7836
2358
2874
8510
7780
2476
2896
5729
7504
9432
4248
6185
1001
8731
3171
9882
7607
1269
6411
1223
1209
6434
5288
5250
5509
7999
5991
9043
2843
5450
1930
1749
4809
5222
3093
9947
9989
8965
5116
4704
6489
9904
7108
1907
1121
9832
1991
2242
9696
5810
4813
5972
6641
3908
9566
3363
5503
7100
5804
9047
1473
3281
4690
5763
8882
8408
4374
5102
3358
3558
8294
4826
7590
5230
4691
8425
7878
9079
7673
5552
9832
2852
4188
4171
2064
5041
2583
8239
3151
9087
7926
9948
9149
6985
1700
6325
3781
3628
5257
7214
1741
6946
3137
9358
9304
6268
9237
4363
9416
9937
1949
1737
5534
8885
3887
7950
4594
4254
8074
8661
1059
4633
6891
8792
1952
6597
3089
8008
1247
5255
5783
2015
6505
4132
2512
9341
7345
3852
4934
9828
6231
2468
8846
2045
3365
8202
1444
9162
3367
5823
1858
4949
9325
3541
2574
3364
2793
5990
7840
8545
4280
8976
4811
2137
5363
3799
9346
1996
6942
8130
9418
8348
6929
5301
4549
3305
1512
9522
2439
6800
4269
1049
5764
6842
9044
7210
1034
4826
8941
6999
4512
3150
9393
4301
5685
8967
8125
8142
2865
8999
6995
5668
5655
2236
2474
9314
5729
7938
6097
7468
6251
6414
1491
6424
9232
2776
6563
8889
3777
4311
2948
7471
7455
3023
1510
4094
5817
6898
1716
2914
1476
6394
3194
1205
8606
7399
4795
4954
1376
9544
7173
8526
8169
4384
4880
6087
3213
3104
4318
7466
2795
2019
2006
1037
6865
3876
6344
3529
8035
9196
9596
9254
6277
5146
4597
2021
8681
1529
2192
5030
7905
1406
4516
2300
7259
2418
5151
8658
9968
5875
1248
7149
5430
5345
5593
2181
6828
6944
3419
8170
9598
1901
7684
2517
7446
9574
6066
2729
9976
1839
8083
5062
7323
9008
7829
1977
8409
2283
9053
8563
8792
4209
1501
4355
2537
9116
4584
6324
4263
7264
5932
5432
4931
1904
5403
1338
9342
6441
9017
6013
7607
5732
4332
2335
5697
5839
3386
4834
8477
8617
7225
7640
6035
3696
9439
5851
9967
2031
6581
7460
9919
8949
5248
8331
7462
2770
4131
2422
2310
2475
8745
9346
4152
9890
5471
5305
9928
3950
5051
1662
3434
3678
3907
9461
9266
4127
7244
9382
4602
1593
2939
8834
2885
4869
7481
1957
3359
9896
7597
5085
7374
1657
3482
5804
4114
2582
7731
5474
8818
5286
3499
2178
2193
4294
9490
1751
4047
9137
9844
2237
8724
2656
9292
9219
9218
1724
2274
4380
1845
5967
3159
3822
8046
3615
9184
3197
9184
6694
8473
8652
9062
7688
5548
1219
2518
6693
6266
5294
8243
7723
1045
7804
3693
8681
7322
3556
1095
8388
8306
6341
9438
4132
9657
3219
5669
9870
5505
4486
1961
6059
6780
4349
1113
4477
4918
4630
3259
7143
6085
8160
1897
3479
9168
2647
3269
3838
9286
7529
7928
7499
3534
1275
7492
1719
5171
1003
4461
7989
2265
7906
5936
3887
1616
8459
1282
7890
7562
5800
4215
4112
3070
3165
9558
7129
9775
2800
1562
7144
5370
9438
7994
8547
2850
9997
2999
7501
4700
5726
8201
5146
1293
7159
3341
1917
9442
4847
2697
4255
7654
8368
1396
6402
1242
3325
7417
2154
7888
5687
9391
1136
9111
