744
7892
6080
8449
3453
7463
3053
2979
1801
1213
9650
4335
1783
8756
2131
8468
8564
9270
2389
5053
3622
8001
1232
4916
1401
6732
5501
6933
9095
6557
7801
5765
7477
6174
7273
9949
6130
4187
4542
6994
5074
9511
9222
2004
5948
8731
9727
4479
9097
6018
7822
9572
7642
1199
1696
6412
5954
4581
1916
5883
1800
4462
4630
4810
9425
1482
6564
3475
6123
7206
1874
6954
4485
2516
8308
8495
6593
5881
9392
7569
7619
5415
9083
7637
7612
2208
6980
4557
3915
3326
4172
2238
7801
2641
9003
8352
2256
9989
9663
5539
6732
8733
3608
1644
2963
8873
3344
8242
5577
4104
8699
3656
6517
3956
9604
8444
3141
7340
3364
1965
2523
4739
9399
9524
2110
4520
9919
8755
5040
1047
1693
1569
7407
2813
6292
5790
5807
9380
5811
2734
3101
3597
1613
5320
6761
6759
4700
2692
8492
6700
6245
8015
7369
7559
1311
6656
4778
9176
8593
7265
6736
9173
3902
1787
5690
4351
1947
8321
1903
4595
5142
3128
8970
4054
8904
5594
2859
4729
9706
4493
1807
9214
8949
9784
4467
4846
4385
8180
1286
1364
2206
9036
5601
3034
2332
8694
9895
3346
3626
5317
6564
2709
7269
6145
7734
8930
3999
7944
5581
7096
3780
9689
2494
8867
8985
5159
6599
3377
7524
4030
2622
1256
9015
2278
5747
8443
2693
9755
8353
9656
5470
2284
2181
3054
7480
3897
2367
3998
3133
8165
2246
4163
7756
1387
9525
1970
1091
9022
6149
5558
4568
1252
1283
1706
2797
9859
8538
1459
2558
3356
7431
9000
9134
5693
8589
7775
1579
7693
6510
4904
2911
6214
2411
8833
2009
5365
5105
9969
9979
5070
5298
6816
2548
1778
4343
7808
6906
3077
8486
1875
9309
9972
7655
5862
8254
9179
9385
4871
8301
7540
2786
4190
4748
4643
4943
3124
3675
5968
2580
7428
4671
5792
8252
2189
3550
3118
5055
6831
9557
2601
4194
7115
5137
3266
2635
7949
1102
3854
5335
8299
1784
3976
2787
1098
7208
8304
8230
6955
5944
7215
9011
9899
9757
6533
6153
9783
5507
4792
9139
7058
7349
1136
2091
2824
4961
1670
9380
6393
9904
7295
1083
5911
8223
3111
2386
9003
5298
8893
8570
6671
3246
2625
8305
5009
9001
1821
4213
7262
7028
2526
7131
2492
6384
3015
1415
9711
4026
6674
1618
6845
1182
4654
3909
8238
8911
8548
6611
4311
6112
4757
3680
4021
5260
7082
5399
8066
6223
5717
6642
7293
4106
8132
7483
8158
6576
6690
1769
8458
2509
8279
2794
2713
3657
7155
6943
3986
8144
1364
2561
2134
3332
2375
2693
2608
4190
8583
4152
4523
3478
6112
7107
2733
2675
3635
1254
5976
5575
5193
6275
1562
1820
6957
3060
4711
2800
5704
2802
6811
7909
8575
5938
1095
8010
3366
2786
2490
8954
3169
8570
3998
7529
7725
3565
6577
2280
3004
6123
6023
2820
3101
6740
4193
2079
9355
7082
2479
7686
1114
4081
2262
1238
9827
2544
9472
5055
8858
6699
5237
8574
2333
9300
9932
5968
6120
2364
9600
5218
6419
2861
9273
6552
4897
8551
8451
4738
1594
5116
5552
6424
9593
3290
6778
4969
6379
5239
3649
6640
8854
9056
9073
5448
2438
7295
2983
1025
5972
5496
7943
9639
1234
3611
3793
4673
2422
5245
7216
9948
6970
4545
4692
1408
4991
5414
8801
6173
7056
8523
9893
8609
8526
3607
9223
5896
2289
6248
9279
3674
8998
1324
8173
3071
4240
6258
9829
1580
2223
1975
7890
9115
5673
8428
2593
9221
2506
8593
8149
7388
2839
1738
8902
4205
3281
5592
5625
4840
2460
4784
2438
5100
3648
5382
6075
3796
7648
5138
7338
6812
6422
9626
2018
1426
3589
1453
6006
4134
7100
8401
5317
4903
4815
5324
4345
3878
4569
4850
7043
3517
8701
3304
7242
6323
5328
9684
2956
7393
9344
7165
2121
2124
4389
3035
1029
9346
4099
8223
5032
8551
7791
3787
2418
4160
5415
9618
8785
8239
8081
8401
2316
2113
7499
2760
9865
4217
8842
8388
6877
4669
3005
2633
1100
1734
9515
5446
4206
8055
6823
7011
3379
3457
7568
5235
5381
2890
4242
1711
7210
6404
9187
5585
2079
9342
7317
6204
4648
8432
1100
9156
6104
5123
1693
4395
3436
8191
4521
7756
1692
5662
7556
7789
3299
8120
5850
7975
7633
3333
4376
4125
5864
3927
2990
7052
9669
8475
8226
7666
6925
4058
3844
7667
4285
4375
6640
9501
7541
9216
8931
6951
8383
4411
9042
5583
1353
3743
9739
5111
