531
6972
7889
5262
7109
9021
1892
9306
2525
2820
4067
2900
3795
9252
4926
5685
4555
5506
3202
9578
1632
1200
4173
2120
2092
9170
6855
5916
7043
4913
4093
1831
6433
5743
9138
2569
5408
5244
5054
4384
7340
3607
3878
2349
3995
1302
5826
3406
5146
4004
5515
2233
7697
5168
7198
1667
4106
9843
6080
6848
5001
3559
1698
5423
9740
2146
9375
8445
9698
9444
6678
9449
7794
2417
8073
3989
4551
5378
5664
3230
4469
8029
6839
1945
8869
3804
8661
8618
8895
9874
5856
2333
1482
4233
1309
4754
7099
3458
2472
6403
2823
3005
7469
9576
8784
7374
5800
2588
5711
9227
5597
4186
9229
2447
9537
5950
4891
9384
2145
9153
6625
9434
3354
6934
7181
6200
9187
2251
6978
4748
7451
3166
3452
4993
4052
3982
7064
8849
4062
6282
5876
3128
8097
5067
9004
1448
8485
8232
5315
9169
8554
5897
6735
4149
1847
3450
9097
8594
6719
9383
4650
1306
4150
8306
6643
6410
2940
7675
2917
9207
7443
3303
5288
5667
1807
1152
4983
1036
5403
8984
4144
3862
6130
7071
2093
9765
6485
8465
4349
2018
1693
6324
5108
7378
7870
2756
2346
5088
3189
9908
8164
9520
2437
7245
5114
5120
6480
1789
4965
2438
5120
7563
1114
3263
4123
5158
1204
4182
9580
5449
6795
4179
2268
7337
7751
9926
2622
6220
8726
2207
2881
8895
5930
5885
5098
4637
9709
7747
2704
3876
9132
6973
4828
4231
9594
9185
8211
1305
4342
5350
1697
1902
6334
7646
3032
6390
6983
3434
1719
8321
1464
8822
1757
8714
5924
1329
3683
1417
7480
7713
2069
4274
6496
7426
4899
3559
3676
7485
7862
5376
7013
9623
6208
6008
1053
9187
9320
3413
2003
4170
8939
7759
8658
8468
4693
3516
2932
6096
8113
3065
9165
5602
9420
3174
9918
6830
7304
6005
3111
6941
1556
8945
8620
9743
4522
4492
2130
9212
3682
6094
8915
1744
9684
8093
3377
5460
4267
5354
7015
1522
2867
4957
4990
9204
3909
2045
4864
8185
3106
7059
9799
9918
6390
1637
4410
1904
7215
8303
1609
4822
7881
9951
9836
5019
4255
4372
1799
4895
9436
4708
5976
2870
4126
9792
5055
4508
6316
3699
8513
9154
8540
5748
9565
7665
2529
5851
5742
7437
5313
4910
1804
8614
7836
8736
5076
4908
4733
6290
5333
5172
3688
1235
6416
9467
2105
8028
8807
5069
1386
1369
9611
6095
4025
1482
5766
1511
2673
9762
6887
5720
7657
2930
1737
6773
6314
7795
4718
3623
3892
9998
8818
6213
6344
6646
1119
3053
5783
8402
6806
6441
9681
3221
9385
7052
9311
1664
5102
7735
7168
4576
5373
2407
7917
4430
8454
9819
5663
9620
4163
9034
8745
7838
1766
3702
5567
1440
3433
3806
4422
4245
5831
6914
8377
9474
5719
6067
6065
9635
9460
2201
7601
9878
7883
3011
1859
1211
4024
9658
7850
1166
6871
3614
2892
6878
6599
6378
7624
7077
9333
3293
3104
5896
3650
8703
7471
4560
2710
8197
8096
6180
3701
2898
4381
8257
4552
4369
7207
4078
1904
4745
3118
5297
8711
1334
9092
1577
4002
4952
1172
2439
2385
7111
3993
9577
9490
2366
6277
6153
9659
4178
2669
2866
