717
5889
2223
4934
8655
3449
5311
8345
4705
3417
2906
4637
4530
3334
9517
9073
5036
3909
3916
1242
2425
1130
5070
7137
7788
9410
6076
5653
4644
4274
8781
4772
4703
3719
8864
4892
4414
6355
2510
3095
7980
9962
4580
3736
6595
1588
9771
8170
8112
3974
8708
5855
6834
5962
1843
8268
6974
7616
8089
5502
1283
3657
3623
1534
4766
5306
6142
9660
6025
7492
9867
3550
2896
1402
6610
2598
1005
2439
5697
8009
2715
6025
8497
2147
6422
3613
7961
4846
6053
9427
3715
6530
4818
5578
7112
3098
7599
7055
1492
4445
5624
9222
3872
2265
8090
5457
8775
5392
1947
9517
9847
8626
6409
7997
4475
1767
8078
9938
8691
8708
4606
5733
5790
4391
4180
3706
3707
6327
5604
3207
7025
8129
6059
7455
8747
9806
8646
6339
5074
7737
2206
6653
4933
2780
5920
1738
6649
1472
5775
8165
1888
3189
7450
6771
7619
8677
2619
1910
5730
2359
3597
4569
1494
7928
5312
9987
6758
8187
6176
1444
6600
9593
9245
6516
5323
1707
1626
6173
4831
2093
2131
2720
4109
4163
9317
1640
7620
8198
2464
2008
5008
9132
4316
5495
7927
3801
8211
7496
7702
5876
6269
7048
7442
3005
3044
4194
1594
9666
1935
7175
7397
7149
4376
2139
3711
7119
1059
8283
8573
1984
2889
5765
6837
8108
4215
8904
9518
9505
6317
6934
3678
6314
3622
6741
3874
6960
2273
4706
9371
8776
9735
8748
8353
3668
2788
6530
5672
9269
6964
6644
8407
1736
6327
1168
7907
3780
8458
7699
2943
9591
2141
8057
5955
9013
8205
4219
8090
5987
9879
8176
1058
2923
6494
9851
9439
5347
9206
8208
4908
2524
4749
2044
8061
6394
1918
7678
4479
3388
9541
6576
5741
5361
7021
3075
4743
1992
3401
9620
5609
1063
5376
9355
2040
6004
6658
9980
6906
1132
7029
7787
3637
5977
4470
1805
3810
6831
2986
3973
7181
1103
3710
9437
8872
5091
2611
6919
3583
9622
8454
6571
3972
1756
8915
2925
9647
3465
2744
8487
9702
8809
5401
6208
7692
7632
2883
3551
3080
9966
9888
9979
6828
6826
5575
3568
5843
7647
1482
6532
4466
4529
6041
9393
3614
6354
3401
4417
5602
8967
9285
6050
2203
6881
8084
6305
9076
5909
2653
8786
4655
7074
7132
1726
3606
3477
4638
5413
8132
3804
1269
5951
7846
8859
7994
8131
6353
6213
9106
5850
9524
9774
8225
1984
2105
8847
5811
5346
9846
3194
2294
1686
8526
6981
5552
3629
9874
4222
9038
9027
7987
7728
8875
9576
3781
5042
1448
8288
5481
3452
7822
5290
2840
9280
1656
5216
5634
7169
7664
3623
5706
3993
9113
8871
1567
5329
3466
3857
3689
3110
1102
2985
2048
8608
7468
6068
2807
8778
4334
5074
7167
5415
5963
6778
1153
7036
2518
9689
7108
5672
5850
1082
4339
8264
6326
9885
7767
2445
3475
5961
4926
4034
2675
3785
6659
4178
2873
9335
8214
1574
4810
6764
6639
1422
1102
2314
5059
2294
1972
7755
5499
9941
4569
5040
7783
2136
9620
6207
5402
7485
1601
4887
2013
4540
2691
5045
7630
8893
4886
3980
3275
4128
1019
6534
4468
4471
8207
4083
6386
1991
9143
9068
6005
4166
8583
2714
1163
4450
4079
9783
5404
5890
6486
6611
7548
6236
2405
4416
2803
9592
9705
5534
6922
6443
9019
2926
7887
8541
2261
6690
4759
7071
1321
7700
2230
2252
1673
5418
2636
9893
5101
8933
9386
1684
6867
8411
7944
1880
2756
4127
7023
7876
9468
5272
9709
3755
9805
9518
3444
1636
9050
3250
9685
3625
1602
6711
6095
1898
9253
7470
6425
1171
7246
6750
1179
7936
6834
8693
3872
6406
4850
2527
9621
5574
2200
9791
5492
8348
6935
9297
7088
1673
8509
8000
4808
2526
6235
2837
5351
6166
8755
6163
7599
7856
8364
3755
9811
4601
5602
4319
3169
6271
3577
5106
2879
6467
4851
2764
3139
6657
1102
9224
2877
9237
8752
2013
5791
1088
7826
4831
7808
3460
6811
3258
8241
4599
3736
3829
5182
4145
1706
4696
9197
2839
4912
3629
2849
1360
1835
9327
9844
5194
7989
7468
5027
8442
6431
7807
6737
8355
5974
7026
5223
9756
4005
4089
7147
2979
3411
5825
5301
5144
6037
7800
3205
9377
2770
6812
1528
8233
2239
8744
7700
3998
4096
8135
8352
2118
5777
7188
