718
9353
2021
7687
6055
5994
9501
1867
4169
3388
9733
1624
5454
6736
1948
4783
7211
7648
7266
3606
7327
3024
7608
9421
5521
3730
1604
7818
2890
4862
8674
2479
6131
2029
4973
5313
4435
6498
9829
6550
9594
7356
7462
6290
9234
3491
6372
6531
7731
6200
8302
5646
4796
3039
7986
4682
1410
9063
8814
5027
4374
7370
8090
6382
7304
7844
2903
4107
5962
5893
9681
4834
6342
7287
5755
2987
5362
5524
3778
8850
8769
6966
5945
8236
9126
2969
6231
3416
5335
7484
8515
6865
8003
1320
3555
6325
8810
3887
3811
6797
5805
4932
2379
8450
2346
7843
9920
1086
9663
6830
9041
3671
9458
2117
1715
7510
5656
4080
4464
7351
1101
6375
6797
2153
6494
6810
1676
6404
5675
5690
8589
7458
5071
9644
6702
5685
6276
9239
3659
4144
6525
8979
8003
4125
5273
5470
4575
6460
3099
5127
1189
3689
9602
3796
6277
8869
7262
4924
7146
7292
1241
4659
6096
5576
9830
1446
6732
8204
5230
2662
4838
4108
2583
5215
6877
9089
5071
3183
9608
2363
4996
9945
8917
1772
3955
7650
4208
9616
8470
3486
8227
9782
8595
2390
6220
9821
9345
8803
1793
4497
2281
2347
5814
5543
6946
2524
3168
4666
7893
4438
4718
2958
3932
4340
2988
8605
1065
9748
5945
8543
8945
6199
7659
5705
9699
2880
9401
5884
2098
3333
9678
1402
6751
4910
9489
9094
3248
5068
2306
7708
6768
2377
2708
2487
2673
6764
7409
1357
8549
3533
5086
8138
1464
8832
3286
3568
3299
6484
7189
9289
3257
8186
5951
3660
6255
7369
6775
7343
8645
9566
1721
9698
3059
9505
5496
3253
9309
5578
8470
7773
5668
1900
3209
4801
6077
9868
2143
1247
8055
3896
2766
7657
6447
5035
1978
2889
1757
9473
8200
6606
7582
8467
3212
2255
7548
5560
1659
8152
2432
5611
1957
1083
4235
3981
6065
4442
8902
4857
9290
6396
1483
4722
8386
4665
8890
4397
1018
8841
2961
6936
7930
7593
5441
3293
5156
2359
8248
6115
4284
9966
1175
4401
7705
1014
4423
5647
2127
7099
2647
4406
6867
2317
8570
2716
5046
8160
8252
9153
3439
8453
8885
3920
2290
3587
8180
1699
2754
6191
3104
5108
8162
5310
1202
2063
3500
8668
7348
7793
7914
1559
9564
5415
4400
3074
6416
5828
9511
3059
6774
3762
8562
5331
4081
7141
6073
6027
8356
9835
9601
9156
6954
3779
9233
8509
4921
1962
3185
3322
4670
8831
3956
5908
4478
5798
4882
6475
9295
6353
2130
1837
6820
1977
6198
8221
9803
1595
6216
5889
4889
9165
6054
9861
3367
1977
4399
1063
5979
5356
1244
8324
8982
4680
7133
4664
1845
5261
3574
7127
8410
7709
4226
7219
3551
9853
4306
8763
7259
2906
7894
3238
1204
4783
6937
7178
2538
5508
5418
6316
9813
1207
7715
1851
6425
3567
8874
6555
9053
5871
4133
8452
7906
3575
8422
2392
3861
7633
3750
3521
4800
2081
7558
8108
9351
5033
7809
8310
1843
2349
9985
1192
7403
9941
4391
2084
7617
5270
6539
6885
9441
3821
9969
5295
3526
3687
8811
8182
3850
8262
4800
4756
9604
5965
5958
7924
4810
6917
3105
6865
9546
6960
8179
1212
8357
6753
8220
3424
8378
6492
6362
8878
5391
1390
9484
7244
9404
8851
4824
4794
2957
6594
6093
9028
9403
7460
3411
9791
4122
9682
7981
1292
2457
4195
7060
6073
9016
4345
8111
3080
9236
5159
2887
5848
6609
1131
3748
4361
5211
4096
5473
4596
2484
6930
6073
9218
7633
7557
8284
1623
1114
6996
9028
2960
4245
4131
2472
5633
5767
9561
9760
4676
3701
5745
1140
9130
4888
5080
6999
6938
5888
4717
3590
2991
8530
7050
7572
7585
7583
6384
4479
6445
8492
5989
6597
2215
3013
9129
3633
4555
4943
8054
5659
8050
4151
8230
4607
8569
7849
9702
4839
5556
8607
6013
3629
4068
4091
1276
1173
1331
6444
3197
2332
9167
4165
9215
8602
3478
5306
9621
5709
6109
4717
8135
6952
7254
5576
4169
2560
6265
3164
6170
9815
4226
8620
6246
6004
5240
5606
2631
7504
7169
9243
1793
5584
8358
2047
8944
2403
3397
8593
5663
8613
9825
1295
3677
7447
7837
8227
3864
7952
2907
9436
5514
4888
1955
4825
7994
3564
8392
9234
4002
4099
8695
4492
2886
2773
2049
9428
4098
8963
