866
8293
3300
4376
1206
1786
4395
8792
5856
3129
6279
3918
9727
7918
3249
8427
8370
4895
7054
2829
2864
1975
9683
8452
3020
5831
3053
7080
3339
5140
2107
8886
2636
5716
4667
7452
5220
3993
7744
1319
1048
1160
8359
3844
4060
3228
9602
5740
1551
1151
3140
9106
3411
6210
1866
4545
4626
5983
7798
8131
5263
7943
4367
3139
9768
8507
5603
8645
3902
8094
9975
4030
2096
7302
5682
1727
3640
5022
5320
7692
5031
9636
5474
1673
5609
9124
1402
7064
3849
9670
2424
1026
5336
7267
8548
3359
3209
2653
5321
9714
8623
1874
2880
1709
8111
3755
7295
6490
3764
4426
4389
5200
2867
9503
9493
1246
7243
6674
7884
1482
8398
3082
2084
9825
6188
5872
5564
3843
5897
1239
2836
3937
2483
5582
8149
3197
4601
7818
6488
4756
9186
2156
6296
9138
8276
6872
5829
8203
8076
5501
4638
6686
9562
3915
7360
3943
2008
6021
8039
9670
2970
4939
2400
3080
9661
5396
6425
5195
6562
9697
2388
2095
5943
5270
1440
1939
3810
1905
2617
6761
3615
9774
3450
9585
5738
6921
6895
7373
1528
1426
8137
9172
3764
1706
1788
8673
8681
6736
8593
3701
1276
7558
7789
2583
7278
1376
3025
1500
5908
7836
2505
3844
7260
3588
4951
5560
8505
3001
1563
6193
6716
5451
6849
8864
2329
2638
9922
1032
1575
6161
2554
8167
8689
9882
1851
4830
6601
9402
8962
2921
3908
1306
3690
7298
5758
2442
9147
6706
8665
8630
1039
5520
6164
2970
2659
4822
4434
5201
1101
6897
2827
1300
4857
5692
4838
4504
9545
9492
3258
7826
7305
4388
4207
4325
8199
7714
3955
8530
9390
9732
4675
5995
7798
2623
5133
8664
6038
1068
3077
8582
7722
6158
7292
6973
8079
6331
2981
9564
2092
7685
3910
2483
7950
3445
3863
6018
2385
8466
1572
3189
2653
2227
7202
4285
1557
8651
7664
9503
5080
2357
5751
7755
4456
1686
8965
3631
9597
1874
7112
1607
7293
8516
9760
8883
9534
6962
3654
9675
3746
8139
9415
8074
7763
3072
7082
9895
9339
3870
1312
1169
6694
5428
2151
7989
8195
3650
6449
6348
3488
9413
7994
1758
8107
2236
5574
7273
2993
4548
3716
5114
7430
8324
5998
6751
6680
6194
8030
5163
9215
7846
7968
7187
6324
7113
5925
2944
3581
4835
6430
8680
9612
3898
8703
2278
1982
7625
1666
5500
4361
4057
9140
2848
8878
3922
8064
9473
9472
3337
9576
1716
1879
4583
7595
5410
6962
5046
7992
6098
6736
9369
4943
4961
4109
7305
2954
6287
5026
1049
1414
3242
5953
7437
4048
5002
5875
3494
3179
2901
9333
2358
2756
8569
3828
1408
5159
6459
1848
8126
2503
5537
5248
8518
3324
5068
7179
2180
1113
9460
4981
7711
2729
2404
8526
6259
3348
5300
7924
8303
8572
8147
1221
1700
5367
3986
6978
2199
9529
9744
3052
6430
9818
3020
6180
1280
4323
5139
1263
1473
6100
8327
5164
3603
7468
1295
3972
7990
1936
3278
9285
4499
9843
1340
6727
1719
4341
2459
4644
9151
6893
9902
8296
4704
1377
8162
6066
1566
7991
6012
8954
6427
7007
4235
7160
2695
3913
5570
5350
3935
5446
3462
4030
8078
9874
8720
6294
3043
7959
1915
2150
5398
4885
3799
9056
7303
7338
1609
6530
7561
8360
3595
3739
5147
1914
8300
1036
7079
2260
2866
5813
5591
1336
1739
3624
5080
6466
9646
7055
7588
5401
5983
2546
8974
8529
2699
1585
5378
2326
9096
5263
9003
6005
5191
1331
8910
3124
4213
6883
1141
2250
6769
2799
7529
1231
6193
8046
9457
9739
5205
7988
5853
3160
3696
9986
2859
3989
8492
5354
7352
7487
9136
2422
1684
8688
8504
4701
5330
1351
3579
6683
8402
4078
3054
7570
3641
8159
5167
2337
3140
3366
4385
3245
9556
6218
9707
5549
8569
5244
8609
8492
8273
5184
3698
5488
6972
7523
8326
9953
8020
3435
7828
8963
5301
7700
8187
7001
2563
2176
7021
6721
4361
3010
7144
6098
2411
7893
2417
7630
5193
8702
8794
3141
7789
4534
5853
2259
7947
5583
8253
3501
1334
4309
7098
9026
6416
2144
4545
6793
5987
1281
8642
8313
1251
1528
3705
5112
6994
1075
1195
8257
2317
7947
9241
6017
7128
1010
7156
8963
3282
5010
8070
8512
4084
7957
4616
6389
9929
8849
5008
7575
8119
1832
1134
3571
8835
4062
5278
2888
6067
3859
6841
8250
8104
7289
4070
4508
6036
2913
8987
4273
3756
1180
2925
8120
4502
7491
2312
1093
5761
2936
2388
6309
1570
9971
6675
1149
8422
3602
7344
7423
1168
6115
2977
4734
3982
9225
5565
3872
6050
9626
7689
2041
8042
9184
2951
3414
5443
7617
4629
1950
2931
3791
2298
5117
6912
8148
8810
9098
3258
7322
7982
7484
9792
8188
9595
9620
8170
7846
1062
2167
7949
3833
1057
7541
7040
2332
3848
6140
4285
9860
2100
1281
7802
2514
2284
5514
1234
9787
4376
8588
4198
5647
9171
9021
5020
5802
4698
7715
9809
9110
5352
3662
5982
4379
9702
3964
6729
7685
5863
3069
1343
9737
3382
6584
3404
1705
8047
2042
6556
4709
3724
7386
7307
6202
5254
6655
9440
7102
3280
4647
1037
6848
7701
7440
3065
4402
8295
7807
