747
9395
9026
7088
6964
8771
6269
5399
7848
8808
3673
6890
7239
9038
3529
5531
7917
6297
1347
3531
4121
5031
2286
3329
9149
8718
1983
2680
6940
1841
4814
2574
1211
7729
5925
7912
9295
1385
4580
8575
9016
6128
6871
4834
5034
6590
8698
3087
5041
2958
8064
3356
7950
8629
2818
2927
4879
5945
2056
3833
2573
9560
5411
4711
1023
6466
5775
8567
2087
5049
1528
3044
6217
2918
5203
5792
6442
8239
6479
1604
2345
9559
1150
9887
8811
1856
3457
6094
5433
9612
9439
5834
7085
7091
5156
2800
3426
4628
8692
9098
6863
1453
3104
8555
8892
6089
3599
4235
6622
1346
3401
9420
1459
2447
6356
4669
1339
4782
8237
6726
6675
1328
8553
5429
6898
3961
4400
6295
1302
2074
4431
2693
1028
1730
4225
4602
6606
3733
8304
5626
4846
2754
2529
2795
9887
6488
9712
7209
1346
4360
1710
6770
3861
2368
6744
5747
4375
9360
4289
2597
6016
6626
1125
8254
5843
5036
3859
1867
1270
6707
1402
8253
5813
9053
6233
9716
5100
6059
2360
9533
4050
8246
4022
2229
3405
1846
5942
6182
1199
4705
2964
3950
5691
1426
8852
2881
9416
7902
5666
2320
8091
6048
6869
6283
7997
4111
8126
6632
4994
6327
8707
6650
4872
7722
1642
4041
6060
5836
3139
2020
4260
1728
9476
6492
8666
7514
1480
8318
8804
6395
8487
4882
6677
5314
2138
4855
9136
3622
9410
1802
9400
3864
9577
5360
8171
6637
2473
6382
4261
6582
7451
5210
2696
8664
8250
7003
2704
8632
3689
6860
4416
6545
4388
2401
5324
8999
8001
5622
2517
4620
1921
8977
2301
1441
1156
6029
8865
8211
2569
7442
7414
8971
7341
9416
5756
3472
8109
5127
2833
2350
8116
3384
8355
7695
6513
3359
4079
6480
1801
8132
4993
6829
1560
6632
2562
5662
6025
2357
5414
9069
9984
5484
3803
1103
7683
2852
2840
3969
9474
4003
8627
3549
6248
5751
7250
7928
8590
1277
2133
3580
5211
6937
6548
7367
7765
1813
1168
7964
3683
9871
4278
1923
6631
3006
1357
1069
6734
5381
3490
6591
5380
3627
3340
4789
3008
1206
5073
5964
6234
9953
4547
2863
9048
3460
4019
1207
5570
3457
1975
2524
8725
5546
6000
6041
3904
8799
4983
9064
9174
2915
9034
3771
9624
6626
9035
1270
4210
5694
4540
9911
1032
4266
6501
4603
1199
6101
3385
1498
4133
6010
3021
8737
3204
9814
2516
2235
4253
6557
9970
9237
8635
8713
7873
2837
8443
8345
2880
9470
4425
5008
8690
9070
6198
2782
9980
4683
2127
3751
1851
8394
5729
1960
8031
9944
7876
3193
6185
2608
1790
9025
4201
6395
4682
6503
7507
4885
3187
9590
6475
7974
8693
5787
4147
5568
2448
4137
3101
2441
6995
1466
6158
8288
7185
5024
8688
6444
8706
8427
8496
9924
5273
8143
6961
8119
3738
5114
7087
5391
2043
3298
9054
5592
5978
7609
2092
7991
3162
7421
9130
5064
5888
5553
3653
7450
4391
5985
5149
2878
3387
5332
2314
3454
8090
9018
1844
5329
3451
6146
2426
9252
8037
6968
4963
8996
6551
6368
5914
5420
2848
2229
1529
4840
8416
3202
5101
7316
5559
3788
4867
5669
7549
3344
5920
9628
5747
2655
3349
8390
4743
2593
1456
1889
3991
4577
8438
7411
4522
3550
6130
6343
8576
2365
1068
5141
5349
7917
6033
6132
9014
4750
5155
1826
5188
8210
6988
9115
2538
1671
5928
2835
4905
2260
7705
6405
7962
3909
5603
3247
6773
2913
5727
9518
8305
9145
3401
8422
2941
1735
6381
5041
6856
5387
2662
5920
6601
7065
4565
9221
6860
3807
8395
2572
9915
2363
5891
4832
1029
8873
1103
2697
9946
4883
7412
3285
4942
2897
7798
9655
3600
6727
6733
6834
3336
7438
7504
7038
3852
9756
4975
7099
1480
4230
2175
4749
8176
7358
4524
7490
1482
9027
8791
3603
4773
4368
1826
6691
2835
2585
1734
3325
9916
7178
9973
4114
4752
8972
8096
1955
1683
3117
3597
5516
4100
1840
9377
8317
1141
9802
2898
1415
5386
9660
4786
3460
7845
4719
8572
3496
1408
9683
9595
1077
1210
8293
6126
3714
9757
2074
8906
8139
7826
5470
1630
8213
6855
1289
3249
1505
1632
6462
7286
7438
4364
8093
8187
6353
1593
8488
2791
6120
2138
6249
6770
3837
7770
6973
9692
4873
7099
7276
4414
5396
1720
4735
4477
6632
1034
3916
5610
3312
4175
2800
6539
1622
1062
2861
7785
2709
7656
7642
7193
5122
8129
9988
3999
9678
5169
1750
