575
6147
4167
8385
7619
2602
1029
1600
2670
5549
8947
7638
8866
2316
5938
5638
7091
8222
1178
1405
8110
4192
6732
3110
4890
2603
6679
6426
7715
9587
6901
3444
3915
9421
9129
4702
2639
9424
4141
3489
8971
4709
7101
6663
1396
6682
7951
2382
9660
8464
6390
9975
6028
4884
4130
4462
7141
1134
5721
4670
6621
6547
7623
5866
8176
1090
4719
1869
8763
8971
4302
4810
9964
7121
3645
4977
8644
8591
2196
6743
1219
1066
9186
5008
5812
9680
8157
4434
6834
8244
3650
8648
4563
8974
6633
4457
5437
1631
7995
3053
9181
7172
6836
4740
6360
8887
5890
2084
1776
1587
7263
7278
3611
2593
9792
4939
6338
9120
5561
7089
6139
9083
7138
4269
6322
4893
5607
4884
2340
6824
3744
9635
8209
9957
5064
1589
3720
3759
2711
4185
5541
1473
1129
1665
4250
1215
6558
7902
2656
3640
3902
6201
8439
2444
6104
2287
4004
3769
4064
9686
6530
2216
6392
4751
9963
4568
3136
2773
6423
6553
1339
1117
2986
8811
6782
1308
5986
4868
9589
7177
2111
3564
5722
5099
9498
1913
6754
1723
8732
7298
6139
4682
1307
6015
1138
4810
4219
9175
7212
2127
1862
3684
5059
1996
7771
1860
2619
1545
3973
2966
1709
5576
9556
7055
7866
3750
5915
2268
5545
5089
9344
4487
7427
9580
4115
4517
3266
9832
3761
4532
1777
5729
5912
3775
5359
3751
6335
3855
5477
5582
1971
9599
8019
5039
5715
7504
9430
3221
5769
3603
8491
8778
2165
4585
3198
9074
9812
3984
8852
6861
1694
2730
8069
6058
1110
5533
3563
6734
8853
9865
3968
9729
4476
2713
5798
6794
2091
2256
2636
2834
7449
4512
2530
5337
9409
1862
6803
9096
4165
6729
3836
4881
2891
5485
8043
7130
3542
6332
6015
5518
5518
3549
9251
7857
4687
5546
8444
3574
2305
1713
4040
4703
7412
2972
1140
7241
6560
7006
9973
4168
6234
5512
5814
5434
2374
5353
6768
8316
3233
8626
2311
4202
5380
6546
6494
3671
2748
9622
6942
7228
5693
3826
6860
5212
1426
4968
3997
6873
9568
4436
2493
7016
2866
8566
7886
3569
7887
5927
8043
1815
8682
7643
1830
3935
6886
4157
2174
8650
6418
8109
3588
7777
7084
6177
3007
6021
6301
5573
5724
2919
8344
3733
7402
3215
6870
6634
4837
5971
4539
9318
5796
3693
3623
6547
9166
6866
8061
7006
1740
4374
3124
6760
6545
9940
7813
9630
1325
1745
6258
8633
9157
8421
6063
4020
7856
2245
9437
3897
9300
2575
8887
5201
6534
6068
6647
3509
4796
5263
6736
7628
1832
6326
9609
5328
1864
3964
6740
1549
7303
5605
2793
9510
6224
9454
6534
8625
1869
1885
8862
5901
1218
7173
9813
6883
5043
8346
5404
6761
7340
2860
8158
7358
5340
1203
9460
1814
9591
8830
4850
8509
1576
6337
9555
7277
5446
9581
5519
3588
3542
1704
2362
1805
8214
4236
5468
1909
4921
4335
3452
4616
6421
3090
6123
4382
2766
6357
2423
9107
6023
7489
2460
6179
8341
2331
1277
3450
7089
8224
1721
9277
1450
8803
7741
2069
8527
4134
1425
1776
6457
5637
5669
3087
4592
9069
9364
8360
7022
2221
9404
4087
1408
2643
9656
7662
8866
8486
7246
7512
9389
2172
2223
4725
3451
3003
3616
8879
9847
7097
6122
6208
3955
4684
1900
5977
3901
4068
7505
9847
7515
9603
4405
4049
3413
4710
3877
8644
6968
7620
2185
1568
7995
1936
2500
4486
5734
1915
