571
6029
2550
4036
3261
6773
6325
4408
9470
8154
7393
9868
7497
9465
7133
2299
8175
2178
5611
8945
3849
9572
8444
2412
3793
1029
5670
3464
1454
7367
1986
7350
3021
4854
8371
7186
5608
1601
5247
1588
4838
2159
1678
5875
8677
5029
6768
2870
1134
3701
4097
6716
7940
8544
2938
9771
1144
8929
2339
5404
8918
4670
1714
8747
8006
6394
5162
3623
1777
3264
4982
6389
6492
9548
3067
5461
6782
7358
5702
2781
7883
9378
1614
5699
5462
5916
6552
5284
4849
6527
9551
8143
2979
4496
2632
5735
2479
9314
4576
1932
2812
8565
2829
6811
2454
2292
8671
4214
2107
7386
2160
2955
4019
5284
6183
5429
2001
3802
1913
7463
8345
6913
1428
6540
3220
1293
7734
2870
2186
2777
9298
5201
2175
2564
7793
2174
6335
8481
4612
8496
3618
2495
1498
7721
1664
3511
6691
7636
8882
6619
1784
2560
5120
2553
9250
6303
7250
2288
6960
4802
9054
2179
8843
6603
2580
8300
2665
5983
6816
6885
8870
3884
7002
9517
5692
7034
3487
7637
2778
7484
7335
7411
8889
2706
1346
3628
7351
5690
4766
2334
1237
3720
4923
6733
4688
7852
4409
6718
1583
1029
4452
9448
7950
6669
7403
2891
2251
7184
8621
3510
3732
9593
9363
2624
8554
7454
4713
8563
8513
4920
3544
7565
4184
5937
4588
4811
6965
6560
8983
4295
8727
3613
8287
2311
7125
4929
5448
3444
5119
7979
3966
7735
5931
4661
6527
6420
2981
8335
5708
6870
3474
2285
8364
3453
2094
2846
7239
5845
4535
2418
9138
9791
2829
7421
4035
6418
7140
1798
1670
8055
9528
5120
5334
2936
6471
8266
5944
3188
8810
5467
7034
6710
4412
2808
6264
8271
3813
8919
2550
6975
9381
8935
3861
3801
5600
5139
2190
3829
3751
7050
1004
1667
9167
9855
1237
7022
3206
9495
7927
6879
2857
4369
6581
2550
1234
3884
6993
1379
5096
7908
4493
2865
5110
1442
5609
6608
3036
3119
2330
2687
5749
2448
2646
9842
5822
2375
1668
3804
9201
3535
7878
5301
1433
1005
8679
7894
9595
5762
1360
5814
2084
7656
6128
1325
5080
7821
5479
8342
7856
1346
3854
4971
6136
9131
2536
8520
4007
3171
8798
8131
5707
1793
3289
5498
1731
9570
7057
8235
5707
2946
6774
6326
2798
2498
3466
5169
7173
4338
8980
5747
7818
5593
8534
2113
5412
1555
7894
8200
9255
8996
5568
6914
1222
1948
8402
7477
1261
5360
2997
8642
4342
3731
4709
3195
8986
8208
2490
1029
1263
1142
9337
7171
5892
1016
3004
9985
1000
6348
6564
9563
2342
9919
6303
9110
5029
7454
8835
9696
5712
3736
1415
5337
7108
4285
4869
1440
6765
6879
4508
7103
1756
2174
8559
8253
6009
2704
8707
3991
6385
7834
6001
1148
9607
5834
9813
2008
9640
4185
5685
7901
9648
4354
4255
7823
6140
9839
3575
9850
6677
9185
9703
1681
7443
7327
2810
6509
8148
9369
8838
4855
8421
3205
9065
4886
5423
3357
9353
4804
6475
7307
6239
7934
3917
3240
7935
8130
3089
4041
7608
7808
4500
7836
6069
7873
1644
3327
7010
2749
2629
2180
4694
9091
1644
6695
7605
8728
9614
2062
6488
1568
8775
4470
1304
8866
3879
2947
7659
3628
7896
7095
2128
8606
3405
1561
9134
2977
6105
8889
5709
2983
5711
8432
8020
1124
9273
2853
1060
4220
6219
9079
7023
2162
7819
2858
2366
2034
7027
2180
5435
7282
4169
7167
