895
4882
6235
4757
6873
3954
7420
8654
2774
6393
2504
2996
2050
3600
4391
4205
1542
2617
9637
4992
5075
5705
4058
1186
5864
5040
9054
2247
9037
3042
8812
5112
4733
7553
7520
9447
9524
4021
9273
4159
1302
3271
5914
2767
9518
7116
9132
9095
7346
9320
3222
6004
4539
9126
2859
1774
7903
3567
5970
1067
9659
2642
5781
7398
4652
9620
3994
1916
4701
1877
2005
5777
2189
6627
7459
2569
6681
6994
6670
7666
6669
3381
7649
4435
7816
3354
6729
9338
9826
6143
1300
2333
6607
4466
9480
7733
1835
7382
4809
6020
5131
5562
8204
3610
4872
4084
1487
6793
7088
2683
2680
3074
2804
6545
3073
8239
5805
6811
3947
2470
4974
1610
8065
5317
6344
7083
4396
1015
5993
2221
8821
7630
7805
9930
7942
8522
5684
7766
2497
7506
6382
1744
3876
9363
3645
3892
3107
7169
5081
9166
5452
9607
2265
9615
2759
2752
3041
1027
4843
9462
7057
6025
2997
2669
3119
6354
8443
9763
1599
4332
3414
7072
2507
7450
7884
8313
5823
1548
2887
3392
7320
6684
9653
9960
8020
2856
9049
2874
9381
1202
1856
3250
9512
1418
5748
3524
1465
7881
1963
4289
8943
6726
7048
5568
9668
4818
1234
6546
3195
2494
3924
7931
6669
7306
7264
4307
5198
9390
2047
8095
7496
5476
4448
4874
8332
9060
1428
6266
6274
2871
5456
2982
3890
8677
9947
5597
8419
5945
2932
3480
5827
5823
7659
1602
2467
7079
3058
9082
9648
1446
5799
7642
8598
9055
8742
8698
1753
1038
9316
6654
5494
9454
8737
1498
3814
9997
4505
7139
3617
1372
4674
9861
1525
4442
3301
6762
9589
4225
7115
2398
2534
7215
6635
8232
1117
1140
8371
7802
1048
5618
3226
7047
1991
6665
8085
1597
1138
4077
6183
6181
6163
7728
7169
1072
2311
5775
4784
4103
3308
8099
3557
9367
2317
1726
3033
4123
7038
3789
4466
8777
6700
4155
2616
6651
5932
5220
9192
6369
1957
9146
9924
6602
8250
9925
3993
2149
6931
7628
2092
1986
7374
5246
6273
9937
5640
4001
5906
7211
5656
2639
7039
4439
1129
5005
1450
4632
4003
7222
9538
6657
7517
3157
8775
1190
1926
9080
2909
1840
7174
7547
6354
3443
9252
1093
2730
9880
8863
1332
7041
3757
5787
6703
2767
6169
5799
1494
4958
6180
5313
3385
4158
7591
7554
2856
5957
5700
7099
4959
1796
9995
3474
4721
2529
5682
6088
2037
5866
4065
7199
6076
3698
1011
3670
1510
1101
1333
9545
7587
6040
9836
6446
8786
3840
7982
5911
9084
7817
8969
3912
2504
3882
9665
2557
5395
9114
5373
7562
5365
4305
9433
8074
9630
2954
3273
7580
1003
6902
1003
4146
1856
8500
2601
3119
6683
4309
1098
5537
1862
7163
8444
1817
6171
5244
5709
7492
9438
7100
6287
1506
3465
2278
5235
2043
3136
9818
4753
1631
3676
4853
6863
5840
9371
5427
4571
3136
3628
6232
5061
6822
6128
1288
2884
1011
3197
3016
3382
2428
9306
7934
3803
4943
1151
3303
4204
7813
9757
2411
5674
1252
5622
3668
8986
7622
4660
4608
8681
7249
3093
5908
8869
8561
3122
1060
5917
1428
3682
2135
3831
8212
1757
9954
8195
5535
5574
9222
2706
8063
7740
2105
6965
9058
6169
1524
4819
1971
4145
6990
9775
9657
2013
3968
7973
2993
4791
4693
2253
2565
4145
5153
7944
3518
8320
1377
3882
9435
4979
3189
7954
3315
4565
1455
4800
7041
9002
8451
5571
2444
5476
8944
1134
3632
5564
7371
9470
8616
6910
3163
4968
9407
1902
9912
1950
1561
1530
9594
4861
6119
6567
4137
4218
1219
3774
4590
4238
8915
3229
7863
1384
5672
7027
1464
5320
4169
7626
3722
9705
2906
1256
4121
2469
6679
5084
4439
6782
5784
4751
1261
3794
2417
5394
6802
8038
2761
5098
4860
5371
5969
7757
3866
9419
8358
7677
1184
1288
4459
6249
9964
4965
8722
8963
5864
9550
8030
8358
8612
8196
3812
6927
9398
4296
4391
2503
8081
1388
5471
3179
3399
4165
5558
8800
1975
1903
7765
8522
1717
9022
9576
5121
1381
2755
5749
2784
9511
1962
3992
3159
6216
8198
1669
3725
3294
4110
7699
3313
6388
3559
3011
5559
6134
8903
5881
7180
1345
1988
9250
5019
4030
5480
2523
3837
4400
9688
6473
8665
9551
6605
1838
5206
9725
1970
9254
6478
9903
6740
4636
4714
1932
4825
8973
2805
2314
9092
4019
5452
7525
9288
7183
3873
1673
9370
6079
1932
3562
4108
2715
4410
4453
8195
8880
1333
8848
8909
6836
3942
5490
2548
8793
8359
9775
5776
7820
6945
2817
8478
3894
1220
3904
6628
1093
3375
6384
6992
2213
2677
9155
5185
7550
9928
6662
7132
3050
8539
7794
9663
8270
5704
1356
6210
7754
3183
1523
7905
3417
5632
8898
8718
2037
3705
5920
3424
9427
5939
1960
1486
3303
5491
4714
1244
4959
4653
5234
5756
4808
1770
3359
3568
2677
1346
4964
6813
1429
6877
6151
4840
7358
7223
7647
4180
1159
8726
3637
3836
4358
3200
3250
7187
3195
2864
3442
9728
1028
8530
3960
6063
4974
7029
6787
3521
6274
7210
1413
3795
1977
5641
2089
9219
6394
2896
4584
4943
7077
1153
1805
1376
7922
3528
6480
4738
7009
1247
3084
8916
9592
7168
8996
3047
8297
1581
8115
8582
5174
7571
6611
8155
9902
6852
6698
2708
9969
7498
2498
7749
5385
3371
3828
9086
