753
9770
8044
5472
4086
3242
5247
5260
6169
8710
8717
7115
3626
1245
8400
1965
9284
7901
8690
3539
4900
7299
5898
1478
9155
9534
8675
9337
2031
7242
4151
1003
4853
2249
6798
7719
6079
1978
1159
7483
3741
8403
2761
9732
3458
1746
1088
7365
6529
8045
3362
8439
3017
9182
7090
5065
5503
5907
8503
9228
8314
2935
1052
7320
1248
6150
2863
8133
1734
9579
6392
5648
6442
6052
5994
3221
1702
1929
1730
6982
2777
2480
1823
8649
6399
6780
9793
2022
5496
9035
6773
7502
2116
6514
6246
6150
2166
6742
3547
9582
1356
1650
8472
6636
4461
9799
4388
4469
2484
8898
5442
2429
8420
6616
2635
4359
3732
1522
3198
1764
4470
9682
2723
8915
5686
1760
5147
9900
4890
2920
4157
8980
2250
9592
2575
2242
9339
5396
1168
9712
7355
4397
7047
9184
4631
4289
4639
6853
5150
3568
1992
5432
8109
8835
4573
1518
7791
6655
2644
6418
9266
5292
3140
2551
4912
9778
1373
2258
9516
8640
6184
1484
3009
9884
6519
3111
8357
9724
3716
6843
4252
3497
4169
4539
8701
7439
5491
5003
8688
3698
2347
4491
6824
4177
2911
4518
1697
2037
7238
7417
2000
2025
7742
9089
8462
9833
3220
3106
8837
2771
1657
2520
5171
9121
4533
5590
8178
2870
3257
8493
5265
8012
7572
9747
9542
2401
3015
6210
8806
9270
4944
2770
3169
1146
7826
6873
1188
1403
7514
8675
9681
1454
4942
2828
1344
8565
2450
5662
9860
8179
2883
3480
6997
9517
7410
9762
4688
5472
7653
7366
2460
1548
6287
7108
8802
8080
9627
1682
4915
2364
4120
5949
7676
1858
5422
1608
7898
8823
3610
1064
9465
3074
9438
9593
1725
2182
9682
3497
7519
7653
4029
8682
8323
9674
5032
6220
8496
9144
1964
5952
5842
8808
3933
5518
2724
5192
9623
8443
1124
2228
7593
8587
5902
5138
6290
7974
1709
9712
4857
6995
4879
4555
6361
9153
5720
7233
4481
7076
5849
6913
1162
6223
5202
9045
3173
7912
1141
9907
4231
7518
8547
4609
6302
7205
8471
4459
6675
4273
7192
4627
2162
8596
6534
7981
5947
4668
9681
7627
5071
4555
5623
7774
1537
9897
1641
7645
2706
5709
7982
5380
8669
3284
7457
7651
6404
5874
1968
7249
8699
6455
8196
4247
8343
3967
7667
5855
7189
4930
2671
1692
2608
3128
4304
5866
6932
5705
8382
1295
1652
9992
8084
7815
2031
1087
5313
7059
6730
2749
7082
2154
9276
7184
4335
4121
8207
9094
6042
5811
6289
6347
3871
6326
3703
3892
5213
1404
3034
8783
7347
2061
7873
7252
6661
9264
5550
4705
1269
2640
1378
3534
4027
9655
4625
7995
3342
9646
1449
8485
7643
3955
5063
8379
9008
5573
4492
1958
1260
4548
5672
1855
2429
4816
7434
3573
1293
8032
1932
7572
7637
5490
4941
1774
9849
4044
9313
1957
8028
5508
6721
4553
5236
7983
8299
4189
2927
9933
9843
7098
3673
2544
3819
6885
5037
4601
8235
2134
4576
2214
9566
5876
2331
6101
4561
5068
5346
6400
4590
7216
9901
5494
9225
1670
5988
4813
6245
3918
4540
8558
5963
6645
4824
2872
3042
4470
9859
4545
1076
6064
1608
3845
1050
1961
5264
6339
5986
9073
4947
8694
9336
5368
7571
8761
5228
9502
6635
1335
9157
5676
7107
6484
3831
5415
2138
3122
6724
7349
1346
9738
6292
8274
1586
8823
6736
6503
7026
4396
5302
5883
7719
3158
6770
2285
2810
9872
7345
4674
8016
7010
5523
9284
7377
8983
2944
4481
5999
2760
3205
8835
4913
6838
8586
7613
7862
9781
9347
4373
2404
7222
9776
8000
9534
3273
7592
8748
3819
4043
6883
6396
8466
5532
1966
7851
4161
6033
2481
3638
7208
9286
7970
6675
5183
1791
6768
5890
5376
8040
7254
8391
6417
5967
1089
8503
8410
6479
5431
4630
8346
2026
2154
1878
3341
5553
1829
5163
2692
2543
9831
3686
1605
3483
6539
9723
1736
5994
9347
3817
1935
7698
8116
5129
2499
9068
1698
1831
7582
5948
4647
9900
4530
3303
6806
1406
5091
9071
3397
5680
4382
9609
6363
7171
4899
3440
7921
8983
1297
6091
8022
8167
6961
5116
3010
7535
2768
5655
5984
9649
6580
6138
7635
4310
8304
6619
5734
9022
3059
2533
2427
9641
4806
3795
7564
5936
2956
4038
6258
5079
9109
6832
8889
7582
1624
3248
4977
1599
6183
6570
6959
2839
2397
3207
9216
7659
5321
8155
9077
3934
6272
6602
7329
6772
8513
1711
1091
2402
4807
4024
1256
6677
8082
9411
2832
6575
2540
1613
