978
4207
3715
2211
3304
5364
2148
1352
6032
8961
7401
2180
3507
3940
3606
6676
4824
5570
3685
7865
5398
9683
7996
7226
9436
5714
1059
4965
7187
1119
6092
7618
1298
9211
6885
7944
2429
7924
9293
8617
4764
7372
6176
2838
3310
6286
5262
9463
6779
4004
2418
6519
9502
9288
1353
3575
7282
1370
1849
3594
8443
3545
7986
5318
2103
9764
1931
7353
4896
5745
9535
7228
5414
6055
3300
2526
5828
7997
4747
9755
5702
5797
2894
4288
5301
6984
1891
9512
9758
6523
5235
9197
2357
7411
7779
6367
1018
7524
2052
5615
3004
1940
4858
7113
2126
4630
3989
4677
3290
9758
5930
2194
5589
8086
6113
5123
1673
2975
2122
3607
2087
7303
7989
6609
2499
4535
6257
2189
4908
4367
8650
1646
5190
6755
4888
4813
9197
1468
7432
9263
2745
2954
8555
4116
4052
5881
1334
6393
7028
2394
1605
4630
5925
9119
3171
9690
8114
7282
7544
9415
8733
9964
8392
5981
6453
8816
3775
4181
8344
7025
4503
8238
3281
2186
8664
4469
7669
4214
1951
2879
4221
2387
3240
4069
9301
3068
3267
1480
5927
3834
7108
3502
1232
7855
2979
1883
5589
5375
3880
5505
5020
2616
5632
3609
3190
6488
8985
2360
2725
5197
4312
9876
8026
1673
6421
2678
4272
5513
7412
4411
4406
5536
2859
3526
6975
6170
4578
8507
7668
2154
1724
5764
7919
7945
9565
1450
8808
6379
2828
7648
7575
1458
9768
6888
8962
7823
4575
9970
4929
8389
7482
6806
5731
1997
3581
3600
7130
1575
5181
4876
6781
2777
8415
3063
3383
6648
7819
4159
9471
1104
1764
6501
3352
4165
5840
1652
7062
8130
8768
7981
4500
6892
7954
7987
1257
1448
9338
3258
9003
5730
3985
1417
4805
7447
8399
1037
3094
4834
1454
5487
6572
7156
3380
6535
7630
5490
5888
9085
2353
7074
7635
9802
7615
3803
6276
9555
9788
3948
7056
4883
4987
1750
8574
5203
3134
3738
8222
8558
9321
4078
2907
8954
1988
3411
7447
4592
4996
9225
4918
5636
9558
7258
4053
2062
5193
7051
6702
5330
6726
5548
7620
5968
9052
4654
8420
2341
1902
5434
5067
3480
6818
6420
1379
1703
1854
4987
4449
5329
5663
4288
3382
3482
8107
6136
4083
1226
3055
5029
1755
7855
9019
4581
5573
2915
2535
2329
5960
5090
3133
4686
5233
8125
7031
7883
6083
4712
2387
9804
9212
5100
9214
5820
2669
4101
1376
2275
5069
4096
8791
4779
1535
4056
5168
6044
6213
6648
5601
8232
4981
3392
7841
8083
3512
8131
3971
3176
5047
9510
8075
9066
6727
5992
5705
8031
1002
6251
1260
8209
7794
9962
8786
6551
5958
1047
9668
2228
7579
3982
4605
5085
2916
5849
8138
4453
1156
8562
4121
6198
8472
6712
2801
9125
3120
9367
7683
7229
4168
2539
9557
2160
2772
9820
4088
4547
3056
7783
8162
2641
2974
1533
3630
9853
9999
7271
6288
9942
9391
6402
4583
1943
1439
8946
6946
3049
1260
3966
8108
7892
2923
1227
9349
8254
2416
3966
6749
6638
7087
6937
4474
2170
1718
4493
4605
7078
2936
6890
2597
1769
6193
7156
6789
9071
1190
3351
6079
5456
9450
9686
3539
3193
9715
2195
6686
5977
9602
7180
4779
7648
8621
6076
3049
1518
5972
6812
2713
9905
3567
2136
1759
5096
1550
2082
3453
5382
1991
7970
2880
9169
3509
6650
8038
9946
5733
6343
1426
3896
6523
6697
3300
8011
9108
1741
7325
9324
5038
5813
8779
5021
3636
1525
9271
3547
1704
9313
9067
8811
2158
7781
6893
6233
4031
4425
1226
4372
5610
5900
9476
3984
3454
5256
4389
4561
5699
5380
1453
1911
5814
2510
1525
5357
9955
4793
9609
3550
4331
3431
9844
4234
8585
4839
4163
7446
6465
7397
8376
6342
6863
9782
4109
7104
6984
3830
6133
3376
9734
4748
3667
8000
6973
6351
3106
4026
2240
6881
1071
2328
5858
3635
3222
7710
9687
7593
6225
1162
3408
1147
7376
6718
2833
4467
1140
8223
1937
8190
1549
2462
3688
3458
8606
5904
5007
1307
2500
9707
3291
8457
4252
7055
2822
4794
9776
3478
9668
9818
5625
5659
1370
3840
6464
4462
5765
9671
5722
3343
8319
9981
3954
4963
6622
9963
4692
6100
4804
8069
7246
6780
6032
1800
3581
5937
8024
8574
4377
8271
7720
7222
1677
1949
2745
8306
5117
8289
8092
3880
3354
5518
9451
4052
7665
6195
9034
8304
3349
4220
8088
2917
8749
3367
5443
9192
9403
1594
3176
4551
7772
9668
1711
1929
1650
7850
6485
8358
7898
5856
5302
6171
4765
3013
9310
2423
3976
4469
5042
8555
4608
4737
2315
4791
1288
3208
5773
7653
3609
3722
1244
4819
4128
1319
1954
6019
1259
8410
3723
6845
3823
5278
6085
3568
9967
1930
9788
6211
2442
1160
6976
3138
5326
3562
5036
9660
7638
7038
5694
4195
7123
2870
9520
4853
2193
5925
3040
7768
4115
7769
9718
6102
1061
1601
9442
5380
3015
4788
8350
6853
2423
7170
1373
2360
8432
3849
1799
3342
7086
5266
7463
1488
1306
7420
5841
2856
5864
5072
6895
3966
5807
9708
9621
9598
9350
4317
7195
1828
1539
3609
7242
8042
3069
2090
8116
4490
7256
6289
1457
6970
5375
3352
8189
3340
4897
9999
7485
6876
3267
2717
6638
3287
7938
1237
9984
2431
1817
7672
1133
7636
2618
8889
8022
6935
6218
6755
5457
6302
3659
1011
8618
4872
2517
9573
7516
2067
8529
1152
5601
2653
7499
9278
8252
8690
3365
7161
5420
1835
5740
8216
6504
8737
2974
6926
8092
2241
9508
6861
1427
8113
4476
2805
2958
8487
3497
7437
8667
3178
2500
9780
2507
5753
9104
6972
6892
6061
4852
3756
9784
9896
5868
1753
6373
7256
2448
1531
4356
9571
8734
6098
3580
6225
8670
2838
7900
6244
7271
9660
1072
2926
1332
2219
8444
1521
4631
1677
1149
5762
8044
7156
9679
6495
2973
5600
9077
