845
5706
8900
1057
1044
1496
4516
9796
2876
5613
5738
6140
8388
3643
2604
1684
5035
4070
8645
8492
9338
7767
8400
5029
7746
9286
9358
7460
4207
3997
6402
1250
5145
4706
5663
3543
6853
4239
6785
3282
4611
7633
3645
6386
7712
6787
7504
5370
2988
6249
1512
8237
9218
1413
4609
8108
5852
8455
8947
4705
9693
9523
6080
5290
3453
7128
2729
1164
2791
8527
3835
5597
7538
9091
1108
7273
7631
3910
7800
3842
8380
2010
8509
8186
8160
6414
4729
5551
1696
8613
1183
9921
7388
9768
2839
4192
6017
3529
3669
4008
6315
2412
2208
5538
5682
5097
9754
6030
9054
4266
6951
4699
6187
9723
7953
9015
1918
9759
1967
7605
2181
7015
8069
6725
6433
7665
7640
8713
8269
2964
1350
7867
2288
8580
7936
7069
4489
4982
9210
9938
8944
4865
5151
9031
4152
3133
3011
5051
5535
2974
1307
7474
1175
7235
6878
5178
7790
8652
2211
1944
9012
6692
2125
2458
3644
7309
2354
7650
7407
8327
2646
9249
3919
1720
6407
9163
5050
4663
1596
4203
4426
8382
1078
8149
7501
7692
2192
8434
2834
2608
1727
9276
8014
8872
3685
1207
6228
2550
6142
7726
3167
8354
2572
2019
7387
8510
1750
6117
4132
9982
7346
5212
6543
9298
2828
7804
3585
3769
8396
8425
8770
7484
3414
4669
2510
6395
4254
9018
4878
5432
4015
1170
7035
3884
2373
2375
7683
2024
9314
5347
2013
7821
6126
4399
7591
1541
2406
7265
9908
2097
1664
8142
4966
9417
1998
4673
5123
9394
2596
8123
3024
9913
5570
2201
4852
8349
6827
8983
9882
2444
5665
3813
8141
9862
2640
8940
5602
5216
6953
6144
5461
3243
9894
9706
5881
9832
5493
6290
2777
4268
7424
8311
1953
6267
6189
1050
5771
8573
8848
8376
2917
3812
5384
2621
5470
9859
3701
3631
6330
7636
4818
5667
9036
8598
4781
6912
1228
8059
9507
6946
1858
5835
2533
5878
9077
4682
9754
5721
1613
2097
2307
5207
4897
6600
1767
9704
1937
4740
8174
2769
8136
5321
8492
5381
9030
7355
1533
2513
2970
8458
3046
4848
7907
4335
5597
3939
5604
8186
3560
6843
4227
1036
5145
7854
8226
9147
3826
8057
1832
1119
7036
8807
2127
8447
4747
1736
7308
3145
6310
1686
2935
7584
6336
7481
3712
5607
1833
2055
3489
1486
6692
7792
5392
6087
3249
1348
8306
5181
7017
9868
5260
5169
6201
5956
7477
1351
4673
2991
5247
1741
2398
6140
4559
9056
3548
3478
2195
5379
6969
4072
5643
4127
1385
3704
7617
8589
4279
1531
1886
2942
2321
3182
8776
9201
2164
1987
5676
2848
6856
9575
3351
3684
6827
1589
2914
5887
6062
2679
9476
4583
4091
9876
3381
2437
5898
2497
6493
1278
2433
8038
2762
4423
4100
5078
1366
2580
5965
3723
6883
1180
3861
7432
7334
8809
5155
4441
8782
5217
3583
5406
9232
3873
6894
9963
7165
5487
5186
3560
6290
5135
1118
4929
7540
5224
3747
2311
2410
4816
3862
4667
8673
3656
1099
2772
6836
3908
7693
4430
9612
7356
8747
2991
8338
2067
8177
1485
3328
7625
5083
6043
5340
5337
9751
9794
3018
3707
6592
2977
4832
5923
4407
1305
1626
2131
4882
5442
7830
1269
6941
2403
7534
3313
5699
9623
2259
4067
9776
2885
9766
4057
1129
2528
4527
8667
5431
9904
3542
2472
5411
3061
1083
4603
5711
4457
2970
6766
6830
9392
4931
2584
8170
4949
1707
7098
8636
7864
4128
1762
5497
6607
9835
8660
7382
6275
7402
3672
5078
6661
1195
7571
9313
2081
7941
1765
2653
9537
1871
2849
5157
7193
6861
7914
9592
6121
3889
7535
2758
6550
3256
4190
7801
8257
8049
4423
2593
2238
8547
9466
3657
1552
3863
8587
1757
2403
3194
4838
4827
9978
1127
9577
7065
3509
8664
5709
7106
4620
5578
1159
1911
2761
7295
2412
5545
4734
7306
6378
3074
6232
9831
6637
1125
3671
1552
2318
2998
8592
7629
5500
3718
1708
4345
3176
4917
9599
9294
1992
4469
9158
4509
6937
7285
8838
2679
6809
4494
2833
6455
8532
9441
8312
1362
3019
7346
8911
9383
6759
5386
7661
4552
7517
5344
8183
9061
6361
2641
4028
5925
4288
1491
4418
8400
5001
9171
9915
5500
8963
9397
3757
4601
3067
1857
2809
7795
9294
2140
8562
7713
8399
6603
9163
5866
9302
2263
2752
7362
6815
6042
7200
5454
6583
4609
3159
2701
6242
4448
9008
9946
9081
9111
9384
2351
1293
5834
6692
4374
9427
6419
5456
8635
4571
8597
6009
9697
7574
9539
8347
6494
4647
4387
5317
4161
4142
8959
7645
9867
6223
8480
6550
2577
1987
7835
3396
7980
3809
1899
9785
7470
9940
1292
7396
5778
2038
4951
8360
2859
2564
4281
6675
8796
2389
9677
5251
7093
4461
5369
8414
3429
5344
4268
2014
8640
2311
1736
3325
1662
3438
8831
6687
6069
2383
8388
6016
3043
5063
7158
6926
9680
1551
9736
9651
3040
3282
2556
2029
5361
3801
4478
2821
3435
6286
5172
4396
9429
7331
9791
3352
2634
5219
4074
5994
3497
9430
7132
2157
2467
9726
