792
4882
8049
6777
5134
9043
8169
5942
3089
2696
9755
5846
8745
3271
5138
7276
3288
7147
4129
5346
2110
1884
3832
3026
2792
8819
9060
6342
2683
3596
2654
5144
8533
8029
8128
3193
1013
5202
5989
9671
9062
1594
5541
5049
9757
8339
1299
6404
6527
1092
2067
3942
1541
2387
1769
1421
9581
8521
8743
3198
9187
4458
5016
7296
9025
2049
8446
6065
3224
6969
6856
6174
9254
3642
5469
5656
1788
6293
8494
6804
4666
3808
2541
8272
6759
2661
7921
5221
8528
1730
1374
5789
5767
2785
9335
7486
4453
4106
2369
6092
2304
4073
6971
9132
1851
9047
7697
7356
6780
6279
3966
8943
8131
5498
7169
4481
6454
7299
2039
5799
9900
1167
9591
2535
4458
3943
1177
9171
8744
6543
2589
8262
2856
3227
8383
2634
4587
7107
9788
4611
6108
1304
5364
1300
5684
7961
8988
2173
8451
1553
8601
4996
2955
7483
2465
1011
9380
4988
4402
1501
4274
6011
3630
3879
6394
2452
2213
5646
1088
9831
1089
9242
7477
6303
5269
6870
9112
1315
7586
3518
1293
6288
5987
9386
1530
1309
3239
8903
7256
8935
8573
1828
5656
9688
6965
3913
1624
1917
7054
5219
4178
2576
2676
4269
9573
9786
3036
1314
7846
3760
1023
3809
8438
5865
2713
9374
1323
6902
6684
4716
5733
3687
4216
9912
9247
4113
3916
5705
1255
1224
4274
5752
6667
4658
5122
9281
4639
2331
2693
5758
2094
1697
3005
2944
7868
6016
2654
9711
9607
9161
8372
7947
7673
3991
2657
5049
7042
4668
8518
8691
1713
9156
5280
9158
9516
7419
2466
4478
3191
8557
9559
2815
1326
1619
8665
7647
5040
2279
5318
7877
8534
1505
8501
9838
8524
5879
6266
3617
1197
8180
4708
5889
7883
7583
6363
9636
2570
6067
9432
6788
2833
2573
8601
3700
8345
2724
1191
2880
9977
7642
3573
9302
9962
3178
7292
2803
1947
3450
7197
2099
1667
4013
3966
4471
3903
4468
3085
2959
8934
5041
2495
9258
8824
8570
8858
3189
3717
8456
2190
3890
9757
6618
2611
4035
4762
2246
8218
5534
5751
6822
8403
1186
3365
4055
3340
5137
1948
9868
9730
6135
7542
8994
8508
1180
9039
9310
9992
2128
7075
3469
2532
8968
1669
4515
7985
9605
3525
7619
6257
5525
7815
2564
9926
8363
9057
4923
2823
9826
3428
1081
8054
9677
7396
5696
6761
2114
1284
5571
1226
8913
2143
2909
5662
3566
1874
6887
8269
5241
9450
5584
4740
9528
2093
3407
4742
4064
9458
5942
8596
7466
5075
9054
3493
5283
9380
2046
3897
9612
6632
4598
4056
8588
7812
8411
7782
9650
5308
9885
9887
7031
4869
1433
7223
9317
7969
3464
8518
3701
2200
8894
9434
2602
2188
9601
7324
3093
6543
9850
3598
5781
3339
6852
8779
4597
4322
6230
5870
6890
2067
1045
2593
8932
9987
8644
3248
6003
5238
7185
4807
6068
7787
7454
3185
5123
2131
5719
9354
6874
9750
1014
7457
3887
9701
9350
5077
4901
7027
5340
3587
7738
9827
5437
8645
8480
1368
4086
1039
3282
1063
1646
1735
6533
1533
7184
3798
5048
9969
1792
6800
1764
6703
3416
8484
2211
6243
4348
1425
1029
8473
1289
9206
9798
6599
8221
6867
1473
7731
6997
9318
3884
4378
5832
2164
6188
9548
1001
3201
9694
6562
2659
4876
7081
7898
4558
5537
4380
4538
1730
9213
1302
6300
1929
2269
8649
1548
2570
8908
6661
1145
9807
1966
1757
8414
9028
2100
3585
7905
6421
4170
1632
1449
3462
3675
3866
6357
3994
4556
3928
1427
3902
8988
6817
5968
9552
4000
5405
4960
7323
9145
3043
9201
7078
5317
4642
9162
1145
7934
2025
2403
2871
7993
5359
9602
6957
4635
5904
3929
7883
2017
8711
9535
3854
4685
6539
8120
5948
1334
3371
7457
1690
3285
6964
9279
1527
4868
9511
5121
1892
6046
6823
9955
6329
3556
3072
7133
4822
5937
5726
1971
1924
8638
7317
1416
9038
9797
2323
3787
4945
9243
5909
5831
8357
3283
1508
5983
9365
4178
2314
5975
2461
5735
4054
5349
9229
3889
5181
9367
7649
2033
1323
9489
4500
2713
7269
4211
3754
9942
7602
1292
8894
6092
9240
8017
5493
5125
1509
5080
9290
1577
1920
3519
8994
3980
7239
7172
5805
5164
3759
2368
7962
2842
5626
1659
6295
7947
9072
8209
8005
2167
4190
1625
6810
9096
1091
9921
6696
3282
3911
2243
1640
2051
2681
8961
1720
4631
6311
5292
2317
6685
8798
4259
7598
9927
2466
8501
9787
5442
8107
6725
3531
9020
1067
1483
4726
4083
8333
9024
8519
1172
7998
3290
9291
5992
5507
1808
9284
3154
1533
9915
7336
5405
1625
4794
5775
4649
2156
3433
2565
7470
8475
7995
9214
5868
9660
9336
7256
8069
3145
5325
2648
5871
5322
1296
