950
9420
2410
8944
6215
4807
7135
8810
9449
8460
6432
2387
2113
4084
8636
3152
5141
4890
1162
6752
8633
7048
8065
2125
6535
2230
9887
8339
6680
8150
4404
3402
9791
1340
8562
5264
8669
5531
1981
6737
9136
5235
9495
5217
6163
6706
9750
1416
1381
9654
5662
8222
5766
2612
9934
2615
5894
5782
6564
7648
1963
1247
6896
4266
5509
9137
2895
1622
3545
7740
8032
4087
1084
8948
9699
8451
1144
7443
8370
9864
7036
7453
4612
1032
6021
8462
5271
9057
5213
5678
7372
8377
9565
1612
2567
3970
1662
5935
4979
5087
5898
6469
4653
9497
5436
1485
1479
6305
3132
5191
1798
6498
7427
1270
5812
1151
4105
7533
5011
1621
7080
4940
9713
9566
7519
8936
8308
5858
9493
2472
2357
6167
1760
4918
3632
7163
8871
5785
1878
3321
4257
3391
7230
4516
7020
8104
8218
9136
5466
2058
7394
4162
3002
9228
2992
3947
5432
8032
9482
5105
3024
7279
9404
6390
6296
7477
6796
8080
2960
9878
9607
4834
9148
7943
1246
6562
9200
6663
7561
6645
6061
5394
3327
3062
2221
1665
9343
9722
1091
1735
7625
1173
5714
1154
9307
4086
4654
8247
2420
7191
3018
5090
8102
2905
5159
5604
3931
9303
1566
9601
1794
9949
5484
3681
9242
4254
9520
3617
8976
3093
2072
2041
1588
2165
9441
3427
8273
9807
3239
9709
8497
5390
2472
5100
1799
6198
6266
6339
5997
2134
5527
8705
6514
4163
3519
6205
2311
3928
3680
9241
6743
8286
2181
9099
4768
2441
1244
1031
8053
2453
3302
3226
2866
4707
9523
7924
5366
2746
1852
1409
3145
3827
1178
9353
6189
1961
8301
2637
4598
7648
7052
3232
7140
2330
2647
9522
5416
5448
1087
7922
2608
4790
1095
9011
2741
4673
9450
1790
6344
3185
3666
9870
2039
3311
1757
3894
3571
3736
9452
8433
4889
5092
2095
4320
6943
2341
5633
7610
3906
5788
9490
5251
8517
6127
5598
7829
8338
7078
2020
4047
7462
6749
7933
2473
2343
8707
7202
4648
3920
5813
4619
1680
7062
1182
7591
4826
5527
5640
4540
3001
1121
4789
1358
8334
8657
4433
1895
5075
5429
7511
5256
6391
4213
4886
3978
8792
4644
1143
1922
6341
9433
5313
4484
1760
2829
8919
5733
5442
9975
4958
1317
7816
6094
5653
5941
9265
2856
5341
4916
4190
9045
3775
1362
8512
1268
1772
2875
9454
9370
5202
2254
8860
9963
9251
3821
1279
4310
6386
2506
2619
8732
1286
9352
1184
7572
8392
9490
6904
9957
6230
2463
2023
9813
7951
3399
7868
3523
8030
1878
5521
9654
9834
1882
7254
7541
1627
1013
1652
6222
9227
8839
5804
2156
3814
8676
8853
1470
7701
5572
6770
5316
7324
2295
5893
5655
1892
8782
1770
8279
5381
1088
9066
3425
6267
3006
4428
2653
6840
7572
4654
3384
7902
8084
7891
3384
5441
5710
4226
6692
2982
5657
7996
6762
9596
2647
4367
9386
4915
5722
4940
6337
7596
5952
7316
2012
9004
5139
4262
8106
3162
9162
3596
6312
1275
5897
2092
5285
9792
4380
9999
5665
3481
7180
4733
1085
2280
9576
1658
7128
8871
2530
2116
4271
3033
6041
7949
8088
4412
2313
3760
2013
3559
8410
2043
6736
2755
8921
1748
9011
3905
4307
7690
4565
5126
5171
4965
3277
8847
6139
9886
3686
7240
7830
3185
4448
2123
8554
2554
8419
5862
6603
6691
4389
4508
5908
1720
3017
1626
1809
9749
7386
8710
1611
9736
7464
9086
7265
7821
3611
7357
7696
2920
1856
2694
2064
3452
9450
6853
9718
9772
9949
9866
1306
8502
6397
6699
4367
6323
7999
3684
7108
5932
1482
7459
1065
6916
2309
4340
6625
3498
4760
3656
5596
9336
1721
5865
5320
1262
6108
2008
1393
9560
5640
4498
6265
3349
6502
5965
1917
4099
8351
3457
3519
7985
9171
8393
3137
5753
9201
2224
8569
9049
6893
9953
1499
6255
7564
5677
7690
9885
1549
8937
2886
6058
7196
8959
7636
5706
2358
2275
3345
5924
4564
1605
8630
8676
7525
4847
3671
7612
3760
1166
9082
7221
8391
6546
4025
4807
8740
5078
9881
4899
2185
2659
7408
5203
7407
8685
2613
6300
2055
1001
4286
7926
9074
7094
4726
8145
9061
7323
9674
6124
1221
7084
6361
8963
3246
8672
8245
3896
7534
8980
7526
8928
3049
3986
5133
4072
5116
4924
3299
9755
2649
3920
2745
7119
6342
9369
7580
7333
4047
1734
7229
5944
9980
8335
1210
6297
1225
7872
5056
2337
3009
5233
8061
7455
8093
7532
4053
9499
4458
8495
4308
8094
8990
6245
2741
4910
2247
3056
7291
7770
2554
4828
6441
5498
5467
6042
3644
1152
4876
7828
5173
3772
1936
5178
5826
7631
4878
6294
9166
6150
1786
5713
3776
6637
8072
4236
2326
9210
1803
8593
1613
8972
8515
4828
8575
4405
7466
4540
1226
8153
3802
8265
6387
3850
8635
9364
1673
8340
5730
5808
3906
3481
3081
3280
7825
3691
7315
3476
3900
7195
8893
9953
9871
4352
6711
5202
2106
6828
6966
5913
1512
1197
6669
7225
7914
7459
1938
6656
9513
3288
3064
3024
3726
9327
8593
1359
8702
3519
1545
1134
8812
1905
4270
5773
8671
2052
9526
8093
4790
7417
7176
8228
2894
5324
7615
5013
8409
9683
6344
3150
8097
8670
1702
4159
5094
5757
2275
9540
6874
7891
4427
9213
9459
7781
5028
1435
6846
2049
6674
4799
7421
2117
5359
6802
5080
2391
1396
7600
5109
5779
5941
7777
4723
2412
7902
8802
1237
7499
6658
5941
1907
4975
8388
5303
2600
7265
5589
1857
3256
3368
6674
2231
6646
3041
4404
6929
1374
7086
7878
4281
8038
3018
9880
5885
5822
1548
8441
2198
1427
3938
6294
5089
9944
6865
8745
3901
2344
8679
5958
