684
8503
5681
7168
6144
2132
10000
9006
3674
5678
8154
2003
2993
9033
1535
7034
4309
1802
7985
5135
3714
4607
7972
7875
8702
3962
7974
3835
4455
9129
9468
3422
3381
1343
7682
3160
3176
5357
9093
9368
7459
1316
9149
6048
8840
5228
6153
8917
7845
3198
6387
5433
1088
3276
4772
1799
9733
5479
5422
5787
3467
7144
5220
3436
5834
1548
4923
3211
8253
2658
5705
1735
4108
7240
6541
4568
6502
1804
5109
8021
3556
3204
3155
8074
1084
4272
3548
4069
1274
8454
5465
3753
1548
3077
5260
8366
5456
4425
5144
9627
4017
8896
7627
8728
1557
3710
1627
7529
9289
6880
6671
8755
1498
5419
6501
9908
8163
3990
1194
6291
2575
1883
9598
9821
2983
4475
4799
5327
2843
3917
3430
4622
8789
3489
2950
1795
8648
4706
5561
9500
4564
9094
1572
7818
2067
3735
3872
6202
7321
6467
6597
7654
7627
9669
6749
3381
3600
4395
7429
8824
1302
6910
2987
4779
7542
7636
2251
1506
5596
9651
2558
5543
9522
8533
2368
3954
2517
1617
1762
7145
1494
6816
7367
4252
2748
7210
3755
8889
4041
6701
1102
3417
8039
9550
4438
8069
9121
5143
1782
8731
3776
7963
2936
4284
8250
1283
4512
9007
5877
1768
5320
5011
2502
3046
3027
6451
7714
2720
3062
3132
6114
3340
4041
4335
1305
8557
6621
8091
5431
6061
9658
4353
3805
6474
6332
5813
4609
7121
9135
6388
2208
1561
9128
8217
2008
5793
1011
2343
2674
4607
6444
8106
4742
6834
9707
9935
3465
1561
5109
7745
2554
4144
4995
3840
8491
3764
9428
3717
4320
8603
3798
6640
5731
4030
9805
1604
2898
5610
9964
7954
1284
6901
8194
1403
3382
1509
3431
4047
2184
1009
5007
9666
8328
9602
7176
8388
2388
5595
3457
9878
2481
1431
5789
6777
5264
4584
3543
7309
3868
2681
7084
1254
7339
5004
9742
9455
3261
2296
1554
1046
8703
8398
2136
6029
6455
4583
6327
4533
9094
4582
7839
1867
6730
3076
6271
8982
7053
7228
9459
7971
9736
7555
7490
4607
1892
5025
9692
9963
4186
4633
4027
7859
5514
3564
9885
7825
7774
8886
4898
6052
9715
1408
7885
4439
6059
9195
8073
9832
6357
4198
2406
7886
1379
8646
4959
1834
7483
7905
8720
4453
4610
5483
6804
9009
4068
7390
8338
9261
8202
9574
7108
5567
4322
1248
6065
1307
5479
7303
7483
6348
9040
6122
6384
2988
8019
8882
7234
8375
1614
8769
2734
8504
9338
3122
7083
6067
3400
5490
1715
4263
5717
9962
4282
5818
4095
1790
6615
5721
4748
1583
7472
5727
7129
1442
6521
4225
2550
9636
7826
8302
2281
6197
2591
3787
7222
2932
1813
9459
4749
1021
1766
3288
6426
4983
3656
3500
1677
4764
7799
2988
1167
3731
3052
8625
4292
8431
6791
8145
8703
6361
7740
9744
1847
3056
4964
6677
3240
4619
8556
9584
3391
3034
7201
8059
5560
9369
3114
4074
4474
6943
9835
9359
8367
5708
8243
5068
4279
8885
5007
9318
9877
4921
8892
5819
8072
3376
1633
3769
3562
4825
7501
8043
8287
7377
9441
7373
7363
9726
7105
8201
7707
4914
6852
5275
9183
3090
6017
3427
4134
3616
2711
7030
6174
2156
6530
2205
4508
9867
6863
4883
9501
9846
1926
7774
5659
4385
1861
9871
9450
1294
1253
2557
7656
2630
1311
8543
7153
3247
2938
9867
4911
2660
9708
5434
1595
3057
6596
7655
6708
7957
3207
1725
9456
9080
1013
7639
9509
4128
2573
8137
6577
7495
8777
6028
8145
4259
3423
5753
7847
2420
9314
6024
3365
6547
7761
8770
9106
2020
1917
3321
6563
2496
1209
9201
7388
6495
4177
2814
4476
9166
1628
1195
8562
8491
8465
5776
2806
8885
8966
6208
1738
5341
8735
7022
1662
7922
9820
8504
3300
9995
5851
1975
3927
5450
6683
3023
2105
6347
8934
5096
7797
6767
8760
1190
8063
4464
8008
6261
6214
8090
1324
2169
7183
1241
3103
8113
4604
6029
4672
2437
6470
2343
2982
3218
1778
5651
7568
4134
2478
6056
7418
8189
8466
9729
7581
7697
1179
9806
5664
3877
2772
5907
6164
2191
2377
