917
7422
3416
1279
3562
5400
2439
8150
9763
7655
4984
1915
2005
4851
6151
6034
4092
9272
9054
9064
2321
9499
6159
8197
5877
7523
5209
5178
3060
1903
2764
8630
2960
4917
5378
4856
9261
3718
8970
5431
7788
5295
5091
4567
3667
5356
2078
5095
2899
6599
6504
5590
5212
3464
7350
3025
1472
8625
8122
9837
1236
6323
4509
6419
7869
7995
5675
3460
6220
7779
2540
4945
9283
4153
9001
5965
2983
3103
2474
3301
7686
5258
2323
6419
7946
3810
6415
7279
1075
5401
2188
4246
6103
6695
2536
5018
7798
8470
9383
3177
3435
3497
3585
6184
2593
4790
4241
4603
5987
4127
1936
8775
2552
8712
4502
5081
1840
2474
6065
1639
4180
4482
3765
6822
3873
4663
6788
5888
4218
1630
9700
3487
2099
7732
3253
6791
1842
9443
5324
9644
1532
4949
5783
7671
7147
2191
3861
3883
1334
6621
2916
2686
9418
7421
5646
9709
7624
8419
1312
1561
8302
1013
4242
4861
9578
9868
7810
5688
2624
3982
6631
5000
8148
8268
6835
1780
7983
2342
8763
3691
8040
8738
4304
5350
7296
4917
3697
3506
5386
8408
6426
6380
1369
2671
7580
8691
5815
1766
2989
3914
2204
8804
5716
2441
6016
9322
2947
5490
7164
8870
6732
2115
6830
2219
5795
3024
8936
3938
7467
4665
7243
9131
6743
8829
3173
3717
3574
9662
3578
8573
8642
5869
1146
4550
6800
4130
2990
8324
4994
7695
3168
4537
2824
4295
1527
9613
8328
3743
1739
4673
6556
6695
7650
8671
2863
8879
5622
5977
2807
7419
4297
9027
9056
1228
1380
7192
5866
9074
5775
2578
7359
3142
2568
3506
4099
1724
6550
7694
7117
7062
3856
7465
8511
2487
8124
6385
3271
1543
4665
1628
1332
9682
2564
4818
9241
5279
1345
9073
2374
7629
2007
4522
6257
7244
7718
4005
7868
8377
2814
6087
3831
1633
8810
7275
1312
8499
4270
7867
4644
9124
9638
1256
7598
2269
5577
3736
5776
3528
2254
5079
4859
4270
1922
3236
4687
7807
8721
4525
6175
8590
5094
2873
5442
4516
8433
4391
2890
6176
1005
6816
8485
1545
8328
3888
8921
2276
7630
8150
2563
8849
7050
1534
4643
5427
6490
4479
6465
4312
4679
4027
4642
2381
4656
6915
6165
9313
7668
5851
7353
7963
8008
2776
6075
1205
9131
1836
3405
8439
3329
7674
6934
8107
2272
3684
9179
4822
4275
6810
8317
9881
4231
4958
7231
9339
6137
2356
3593
3094
4210
8462
2271
3747
8474
2743
2481
3391
2382
5221
4200
7382
6454
9413
4664
8878
1594
4525
9563
9589
8077
2039
2608
1505
9587
5730
5608
3640
6178
6082
5097
4755
9721
1790
3754
9910
2589
7055
8768
4673
4025
7722
1272
1701
8393
1700
7545
2323
1895
1828
8407
1463
2634
7559
4253
9798
3033
6246
3827
3967
1817
5210
1352
8374
6436
7042
5027
9110
2513
5005
9192
1557
7070
8649
3522
3407
4706
2360
6345
3722
7234
9702
6193
5165
5872
9526
9271
1403
4747
2889
3247
4930
2197
9924
8223
7742
3285
7518
8969
3325
7797
2931
7882
5855
7489
1082
1870
4266
3347
8014
8421
1779
1060
2247
8988
2955
8041
9018
8023
9745
5286
8776
2107
6145
9517
8457
2693
6406
3973
1543
5557
7302
7911
8613
5252
6374
3446
6122
8803
1746
6506
1012
7224
9812
4853
7403
6130
8900
3687
2192
1893
4288
6263
7214
5442
9631
5473
6575
4874
6562
1993
9310
1191
6399
9479
9979
9628
1274
8716
5863
9833
3615
5249
1248
7803
5314
3032
4527
8631
1828
4887
5355
6625
3302
1021
5048
8595
9878
9189
3794
9395
9436
5218
6058
2634
6858
5198
7514
5352
3462
2967
4961
6610
2503
6312
8611
4259
8478
9201
6911
9107
5138
2113
2475
9942
1859
6352
7034
5190
2989
8172
7229
6572
8243
5998
8679
2581
8412
6368
2361
2356
5188
9992
3639
4488
2360
9984
1690
6789
4454
9545
3993
9263
4714
9879
6088
1761
8122
8090
1935
7515
6054
5993
2194
5018
6259
6656
9180
1165
1834
4896
3289
2207
5068
1852
1976
6566
6200
9684
7861
7638
3322
7335
2617
5108
4352
6301
9933
8870
4075
9587
4124
1351
3471
8995
9080
7618
7795
3084
6319
3126
2620
7346
1212
5007
4086
6211
4952
2450
6741
5864
2030
8504
5575
3458
8366
9670
7479
1129
1257
6705
3203
1426
8927
2490
1843
4090
4649
6976
7179
3247
1893
4764
1792
1496
4819
3415
8174
4514
3698
7158
1049
6269
4411
2866
6152
7156
2561
8979
4905
9721
9780
1902
7919
6001
4511
4571
4580
5472
6084
2595
3550
1877
5621
2849
2768
7993
3986
8242
5312
2036
9176
8740
6057
8863
9809
1647
5048
4556
2461
1645
6781
2662
8779
2633
9564
3977
1543
4216
7257
9674
4254
9185
4012
2481
2646
5340
4866
2400
7011
7695
1791
2608
3451
5584
1102
2377
6567
7022
1653
9944
4203
7101
6935
5998
5549
4386
5451
9055
3015
1476
7243
5501
2275
3718
4902
4577
6583
9052
6413
4614
4626
1795
3014
4846
4342
4735
6550
2456
4149
7487
6032
6737
6688
7308
9481
2857
6514
2101
7293
9367
5393
5482
3529
7765
9046
1343
4430
1168
6596
3999
6262
9674
6189
1314
4918
5802
6485
2759
9691
7716
2166
7419
4041
5911
3614
8338
5394
3429
4873
1031
5312
8246
8356
5268
7514
1907
2265
2655
9121
2817
1495
6021
6191
1344
8112
8939
2378
9966
6171
7293
2015
6354
4014
6588
1047
8355
7356
8625
7786
8087
5394
2536
8675
2285
5202
2326
3826
8392
9645
