862
1167
1453
6315
5086
1990
1174
9541
3522
9264
5718
3826
6895
9849
1386
3518
9154
4832
5320
7026
4275
4693
7137
7294
4694
2077
5207
4654
9230
1462
4703
7235
6909
3990
9150
8728
5575
6373
7166
1526
7061
9855
9385
1863
6217
9998
5097
8631
2928
4941
4090
3477
7470
6078
8392
4889
5321
9026
3562
4947
9113
6617
2978
6695
2412
7394
1039
1909
8851
8707
3850
2601
5682
8119
3827
6493
5751
2034
2318
2910
2418
3331
7711
2307
7949
4034
9117
2887
4710
6967
2927
7381
9932
6849
7527
8748
7649
5169
4120
5232
5887
4032
1004
8294
8960
9017
4671
5107
3007
9536
9923
2537
3691
3287
8319
1927
3485
9541
8161
7873
9045
2212
2298
1739
7417
6245
1029
7994
6706
6193
4158
3245
7105
1925
5128
8220
5951
1797
8471
5713
5955
5264
6424
2450
4118
2418
4550
4087
7538
6399
6536
4863
2633
5358
4385
2607
7324
4628
9645
1356
6212
3882
9266
6651
7525
8410
8489
7003
1741
3530
8822
3428
2647
2398
6740
1472
1466
2288
3646
6566
3086
2961
1127
4943
2933
8166
5698
8718
6679
9804
2027
4689
2708
5397
7772
2395
9018
3289
3615
3061
4464
3278
8951
5794
9505
3445
1792
2054
9937
8368
7319
9458
9998
4756
1282
2167
1319
3204
3702
6468
10000
5051
7546
1990
3807
3517
9063
4279
4532
4282
1232
5555
7383
9632
8636
6533
5038
3656
9550
3935
3240
6699
6615
4473
3144
1289
3455
4940
4163
8352
4561
7506
5155
6369
2857
7023
4958
5066
6981
1440
4139
8840
3736
1548
5973
2898
1397
3222
8583
3858
7543
6391
8259
5234
3679
5720
1439
8318
4945
1431
1672
7564
9464
6524
4735
6166
4451
8648
9744
6286
2970
9898
5118
3438
1762
4225
7703
8365
4443
9171
9923
3183
5905
5215
7848
4502
1192
6660
1750
8137
2001
4492
1334
8489
9978
5201
5914
8064
4470
8446
2644
6623
8926
1963
8221
4000
1034
3998
1483
6221
1832
5365
4719
1369
1543
5893
2562
5773
3411
1987
4529
2481
6182
2006
3719
7791
1982
7564
8554
6848
6569
9896
1301
4258
3566
7079
5186
9128
5932
9532
8891
8390
5547
8343
6879
9995
6663
6441
7637
3288
4570
1323
4154
9234
8738
2940
9201
1925
1206
9084
4550
6831
6535
6553
1795
7268
1228
4741
7098
8520
9208
6335
3878
3381
2307
5240
5335
2556
2683
1205
6606
8886
3745
1513
9414
8478
8330
8501
1129
3787
1352
9559
6857
9965
5691
9324
2051
9878
3834
8651
6645
7050
7819
2990
6932
8656
7624
2806
3785
9879
4517
2102
2946
9098
9128
9539
5915
5041
4533
1871
3055
6711
1531
5388
7416
2125
3132
2620
6647
3753
4882
6813
9367
8574
7260
5918
6741
2210
9979
4468
3381
1529
2894
4337
6428
7582
3154
2692
2389
6167
6581
6666
7151
2474
3114
6050
7223
9866
7967
7404
2996
4669
7878
4722
5421
4983
9412
7631
7716
7443
4643
9408
5443
6187
4084
6612
7613
5159
6277
6000
6719
3738
3835
3887
2775
4838
5858
2082
3589
7529
3492
2511
6984
5121
4290
2446
8181
7175
2956
7947
2451
6286
5625
8965
4402
8691
9733
9195
2826
3241
6988
3517
8314
4416
1543
9625
3097
3763
9157
4501
3834
3893
4415
5736
8764
9740
2661
8095
1386
3480
2762
2461
1936
9625
9309
2548
5393
4261
5117
4937
7576
1945
8926
8874
2321
2558
1558
3054
5478
4709
6138
8785
9868
1103
5477
4959
2636
9472
2562
5131
3527
5075
2811
1117
5948
2085
6690
6373
3193
3950
3730
1086
9095
5699
2918
2699
5765
8225
9735
4731
8204
6877
8383
3842
9904
3458
6734
8113
6471
2469
2789
6688
4044
4596
2779
2351
8242
5987
5777
4301
5200
6229
9489
5699
9415
3604
2736
2784
7149
8890
5139
5925
5685
6495
8831
3939
9086
3745
3182
4143
4298
9704
8072
8914
9521
9167
2272
8417
2166
7699
6433
3207
2849
2918
6744
2222
6422
9215
3720
9634
4957
4903
4064
7622
9885
1282
7999
1891
4777
7725
4478
3019
9194
9532
1235
6810
8895
9879
2756
1428
9526
3350
8395
6907
8353
2723
2827
7982
2791
7612
9812
5403
9606
2121
5342
7939
7632
4007
9401
7867
5664
5146
3506
5178
6057
1202
6232
1649
6321
8171
2655
3675
1550
6644
2375
9645
4765
1574
1958
8927
5638
5336
5420
8524
5783
5223
2540
6379
4231
7836
6322
6083
8775
7706
1066
5761
3841
1065
5176
7831
3613
6084
6048
1547
4107
4570
1459
2820
3576
1812
2920
6385
1726
3039
6093
5172
3942
8800
4625
5858
5649
6492
7983
9864
4846
6791
9691
9334
7663
1099
2979
2207
4419
8416
2763
4458
4731
8778
2934
6453
1359
3306
4816
3097
4398
9469
5979
9037
7107
4469
9130
1841
4907
9907
5803
3223
3248
9614
2216
9246
5733
8938
8360
9754
9890
8055
4973
3526
2004
7200
7362
6383
2204
3504
8280
9055
3871
1757
2278
6902
5646
1003
1607
4919
9227
2559
1306
1741
6305
3416
9104
9614
5588
7854
1543
4951
5670
5743
4614
5625
9053
8102
9349
5128
3806
2284
5682
8937
5185
8314
3957
3628
8542
3220
9252
3620
8944
6635
9549
9822
1187
4980
4608
