763
4187
1632
8434
2306
9152
4376
9993
5711
9363
3893
8408
6476
8279
5279
5774
4816
4839
3311
4643
1783
9211
8674
5680
2248
8060
6083
4862
5707
5369
6244
4763
3161
4718
1365
9281
9348
9478
7455
4276
2092
2769
3146
5717
4091
3621
4083
2863
7706
3544
9973
6402
4832
4001
2400
4729
1133
3228
1897
7027
6812
8409
3003
3779
5372
2944
9244
5325
3291
7889
1703
3753
2252
5467
5375
8602
8567
9035
7327
3203
8657
5708
4251
4254
2562
4967
5386
8112
1665
7051
4356
5424
3656
2490
2078
6406
2312
5444
4959
6612
8800
8034
2774
6978
3661
1180
3148
4918
7930
6670
4625
3296
9666
4148
9266
6295
9496
1831
3046
4539
3660
2278
1477
5444
6918
6370
2014
6329
3497
6292
8691
7569
1981
6421
1288
4212
1810
1574
8915
4044
8496
8360
6580
1437
2442
3544
3374
4836
2803
7956
4144
6156
9937
1004
4926
7996
2522
9008
5680
3763
1821
6276
7192
7338
5167
7195
3388
2369
6387
7173
1102
4387
7518
3575
3177
9715
1343
1586
3687
3693
9019
5286
6107
2362
7391
5385
1125
4806
2511
2908
6939
1406
7651
7747
7760
8792
2038
9094
3717
9980
9496
2649
8515
6483
5006
7401
1776
8080
2495
9632
4553
2291
8370
5118
7409
4349
4494
4173
9817
9811
8832
9037
2205
7351
1146
1454
2414
7869
1048
9793
9595
1035
4536
7753
2908
6173
9839
5428
8066
1513
7711
3611
9466
2543
2307
1258
2240
6031
5306
3048
7242
8194
8816
7091
7708
3670
1521
3358
1196
2571
9027
9300
9548
1316
7412
8330
2082
2869
7948
7291
1508
6528
1149
3213
6996
5046
7851
4193
3900
7077
4275
1498
7124
6653
3380
2826
9961
1361
7357
7891
4387
4946
8824
9267
7069
7214
2580
5619
4649
5572
5208
6401
9421
7235
1692
9379
5734
1048
8420
4111
2486
1389
8877
8910
7958
1185
5755
4077
6915
2165
6630
7478
4097
7408
9370
6616
6746
3062
5225
6679
5608
4469
9350
1138
6444
5371
9862
9748
4583
9592
7976
4403
6773
5714
6484
9971
1121
7373
3498
2845
7630
4364
2381
2078
6872
5646
9609
5258
6725
7892
4299
3906
7320
7946
6766
4439
3502
3198
2635
9182
3202
5898
8370
7525
4255
8503
4940
9955
9423
3645
4851
8297
7209
5515
7254
6933
2986
3076
5473
4637
7173
3938
8241
3992
7389
1579
8106
1232
8468
1795
1535
6053
5442
9897
7059
7344
5712
7803
9905
8345
4156
5201
1114
2625
8339
4090
4643
1989
5369
1448
9455
9937
3424
5926
4477
9768
7872
8756
2229
2783
7313
7878
6165
8865
4772
2987
3002
5028
5823
8059
5661
6687
5091
1131
5400
6136
7373
3699
6869
6429
1313
5462
4555
9119
4333
9325
1548
5210
3286
5554
2967
6286
8637
4773
4823
7858
1973
3523
4471
6903
8104
1445
7012
5246
6898
4374
2387
8645
8202
3546
4853
8653
3206
5738
3242
7773
4573
8256
5188
8504
6276
7592
8683
3162
3859
7396
8781
3639
2659
7266
1711
2412
8169
6511
7401
8037
1749
4448
4590
1689
9706
5093
6512
5362
8643
9190
6634
3262
4082
3158
4464
7816
8672
3073
1727
2022
2746
3713
3872
9293
6783
8781
7380
8691
1911
3624
1716
7293
5317
6486
3412
1897
4332
7754
5799
8895
3170
1751
6747
6724
7370
8625
7694
9123
3916
3465
2337
1039
9062
1614
5571
7105
4352
2858
4058
4216
8920
9506
5289
4370
7949
5533
9110
7466
3589
5870
9123
9830
5646
4206
4879
8778
2096
2623
8179
8550
3070
8196
9171
9688
1135
7980
3792
8126
2564
3496
2969
6698
8111
9323
3062
5257
7045
8825
7104
6274
5534
9862
5137
5919
2188
6467
2380
7236
7372
7318
9850
1614
6134
8474
5669
6685
2264
2710
4350
7179
9815
6012
5228
5132
4281
9311
2232
9335
7788
2651
6251
1260
7992
7572
6649
4574
7116
2401
4580
9385
6353
7671
9909
5856
5691
3293
4536
2464
5841
9742
2392
4970
4562
2651
3669
5307
1874
2382
7377
1880
1446
2213
7342
6128
5584
5575
7531
5815
1342
6179
2200
1453
1892
3752
7478
4006
9376
6712
5447
5834
2744
3961
7217
7227
3161
6742
2247
7148
9803
1098
1874
1704
8950
7561
5241
3102
4928
2989
3649
3865
8015
7548
7500
7518
4519
1709
1443
9386
5739
9686
2139
5261
7736
7422
8628
8665
8789
7889
3630
8770
4058
5962
2551
2898
4508
3300
7971
2409
4763
5189
8009
6234
1314
2502
5569
9093
5318
5111
6128
4512
8657
2455
2634
2975
5254
3535
3700
6646
3792
3222
2023
4480
7161
2717
1068
6130
8359
1630
