585
3396
9813
3845
8029
6560
2720
9819
4252
6191
3976
6991
3473
3139
3814
3306
5208
5145
8128
9706
8623
8110
3413
6955
1208
9905
8307
5127
8208
8331
6152
1329
4216
6999
4277
6012
9900
4068
8646
2034
8926
1746
2103
6239
6540
3454
9800
5413
3094
1619
2034
4644
7552
4762
6433
3156
7854
2004
6504
6234
8494
5194
1990
5803
9958
2117
2702
4571
3020
1782
9380
8237
8487
7718
3382
7020
1037
6968
5698
5004
6996
1469
9217
8634
1615
5112
1177
4294
6910
5113
9775
6401
2384
3152
2644
1151
3852
6825
6540
3165
1739
7966
7937
7660
9514
7832
3219
9500
5789
8180
8351
9930
9482
3742
5280
9954
3161
6453
5601
1466
8970
4609
7770
4368
1509
7941
9369
8255
1060
1411
5731
9876
6607
2895
3520
4429
3009
7213
8839
8893
6560
9901
3043
1201
2511
8714
8956
1420
2690
6475
5549
1940
7316
1196
9477
6228
9427
6071
7228
1845
1730
4431
3607
5448
2184
9885
4107
3110
8573
6660
4931
5351
4029
4600
7414
4113
5522
3438
6621
4651
8881
5640
7291
6516
8241
7549
2078
4654
5830
7811
2666
5148
4610
4225
4156
2855
2074
1766
2271
5548
4280
7374
2006
9768
2770
8400
1743
1329
1102
5231
7311
2756
4867
3792
6696
1550
9455
5980
5900
6878
5765
2300
5722
8178
9829
9877
5164
5567
6808
3239
6816
4835
3637
7976
8211
4222
1746
7572
2373
9038
6910
7447
9849
2836
9862
6888
8151
5997
1889
8957
1922
6820
5829
1039
1943
9854
2606
1504
8526
6452
6061
7954
9814
7944
3459
5459
3486
8953
1574
4833
8521
3186
6575
9410
2672
1682
2245
9175
8297
2486
4995
6166
7707
3111
9132
8407
6998
9427
3169
7172
9516
1752
8269
8838
1369
2821
8412
4395
4782
7964
2480
4760
9781
2623
3183
4593
2884
8180
3794
7608
8512
5257
3506
8135
6177
6381
2348
1431
1343
3527
9115
5182
7667
1616
8197
7459
7146
9087
8456
4737
8625
6305
4687
2955
9049
9044
7525
5498
8642
8929
3687
4009
5046
6034
4919
3389
5878
1571
6911
6277
5434
9790
5102
7155
2057
8203
1446
9681
3031
6101
8333
9748
6035
7464
5885
5846
2994
5684
4391
1438
1153
1601
2639
2180
9767
9541
7112
2947
3313
4255
6814
5674
1331
7891
2346
5160
4797
6701
4902
3439
9291
1588
5840
2210
6764
1273
7912
7839
9536
9884
9092
4371
8844
3909
4183
6788
6268
5516
9659
9179
2783
3761
7828
2605
7447
2564
8854
3570
9991
3850
6135
9558
8936
9845
5743
7216
4674
2527
3388
7233
2527
2495
8235
7784
2509
4948
9735
8552
8502
7818
2755
5527
6857
6694
8658
3009
3315
7282
7044
5895
1502
4770
7435
8818
8151
4495
9988
3640
8852
5425
3199
9048
3321
1477
2530
1196
6428
2287
9570
3181
7384
2505
1648
7152
1753
4117
6158
3610
3765
1150
3655
5317
3429
4282
6067
2172
7332
8204
4776
4643
4402
8160
7750
8107
1035
4038
5172
8037
4409
4111
1620
3838
5917
1291
5282
6797
1761
3710
9281
5977
2486
5279
8933
2646
5587
3852
7783
4001
6469
3700
3917
6076
3157
5487
3067
8921
4611
9511
7488
2836
7409
7633
1788
4233
1971
9454
1879
3763
9515
4501
5177
9114
7855
1731
5581
4928
1397
4649
7608
3507
7306
2802
2701
9940
6567
1489
7677
3040
7987
8198
2489
6928
6212
5615
9544
4656
8230
6603
7424
1737
6895
3477
1409
9257
2281
3426
3568
3811
5053
4143
9230
3868
3840
1876
9743
4032
