1100
8456
8801
5521
8226
7178
6329
9502
9802
8567
8048
6501
8786
8449
7035
5368
6796
6320
8330
9763
8424
6852
9677
5688
8306
7753
9125
9869
5210
5999
9016
7586
6512
6728
8044
6847
5127
6664
9586
6935
9607
8529
6981
7149
5227
7950
7777
5136
9876
7525
6241
5137
7838
9923
6736
9083
9315
9153
5720
6070
7126
5560
5077
8531
9353
8804
8968
9407
9766
5055
5375
9194
9176
7967
7084
5121
6088
6424
6652
9419
8402
5524
8254
6444
9969
6223
9865
9154
5161
7624
6341
8144
5178
9586
5845
6533
9684
9512
6150
7114
8411
5183
7195
7852
6653
8957
9793
5619
9806
5797
6657
6807
7549
9823
8644
9245
7730
7602
8036
9290
5284
9182
9116
9836
5544
9111
8311
5735
9717
5915
5490
8758
7269
7211
5675
7218
7943
7812
6738
9213
5789
7917
6541
9243
5550
8034
9507
9369
7269
5783
5935
6802
6108
7750
8951
9997
5663
5173
8329
8104
8155
8230
8142
5055
5488
9104
8343
6662
7300
5908
8989
9055
5716
9185
6119
5712
7805
7922
8085
9089
6144
9494
7947
9311
6072
9254
7343
5764
5491
6562
9751
6088
8460
5292
5208
5787
9964
8390
5305
5484
7268
5987
9605
7339
6898
7215
5725
5491
6563
9395
8609
8887
6821
5843
5363
7355
9884
6833
9796
8491
6395
6579
7810
9864
6550
5297
6336
7940
9110
6865
7201
8898
6875
8270
7631
8334
7922
6287
6507
7287
5855
6779
8280
7708
8448
8634
6556
8021
5411
6008
5918
8467
6226
7243
6224
6853
5732
6180
9802
7589
8585
7652
7377
9819
6071
6267
9957
8124
5144
8184
8898
7290
9313
9264
7091
9071
6014
6934
6053
9047
7647
9184
8077
9201
8764
6496
9095
8156
9108
6075
6286
6500
5357
6927
6925
9406
7740
7285
5854
6511
7623
7461
7628
8674
7271
5720
6985
9557
8046
8879
9323
6212
5840
8735
5261
8277
7182
5540
6495
8784
7788
5346
9471
8988
5242
5104
8777
8082
9161
9312
5649
8159
5795
6469
9007
8929
9731
9606
6076
7103
8581
5169
7656
6477
8902
5487
9976
5858
9475
6436
8666
7007
7338
6760
5622
8267
7731
7287
7816
5050
5630
6552
7505
8354
8910
6966
8597
6171
6482
9325
5098
8837
5465
7635
9193
7496
7044
5832
8650
7008
5731
9994
7421
6303
8378
6123
5525
5562
7923
6148
6004
5711
7157
7653
7061
5650
6522
9746
6520
8250
8990
8211
9280
7919
6887
5915
6624
6523
7469
9593
7349
5576
7220
6135
9419
8199
8266
7159
6949
8110
8962
6679
6471
7570
6638
6742
8826
5247
6688
6851
8102
9341
5860
9931
5663
7618
7698
7421
9127
6216
7617
5537
5898
8761
5321
9492
9278
7987
8045
7603
9909
9659
6572
9413
7499
6944
7785
5418
6365
6225
9330
8602
5632
7871
9905
5683
8958
8333
6702
9198
5159
5617
8042
6595
8566
7917
5379
5539
8507
8911
5985
5835
5953
7352
9729
6194
8483
5428
9178
6280
6247
5166
9817
9045
9140
9297
8429
7321
9297
5905
8174
5754
8678
8884
8309
6122
9475
8984
5024
7369
8862
7741
6094
7844
8722
9772
5909
8433
9579
5308
6739
9373
9736
5205
5472
7212
9856
6574
5110
9634
7016
6148
8166
5114
6534
5131
7743
7254
6412
5114
6686
8589
5502
6681
6313
9413
7249
8951
5840
7109
7268
8367
8180
6901
6018
7470
8969
5765
8653
6185
5683
6648
9338
7074
8210
6615
6888
8036
6198
5776
7333
7597
9622
5126
8701
7337
6838
9113
5444
6346
7250
9844
7923
6744
8822
6487
6562
5626
9434
7378
6483
5630
8049
7255
7484
8131
9399
6089
6038
8757
7569
6345
6819
6727
7040
8309
6234
8167
6298
9723
9217
8979
5266
9614
7398
6721
5274
5702
7843
9504
9930
5987
8000
9156
7618
9798
6439
9200
8834
8852
8608
5564
7154
9282
5819
8168
6050
9744
6692
8222
6199
9091
8137
7272
7630
6742
5782
8875
6337
6980
8771
6722
7900
8623
7811
9023
5772
5833
5726
5804
5374
7592
5505
7260
8262
7759
7559
8542
8806
8111
8271
9674
7768
7688
5533
6539
5478
8484
6856
5292
9972
7861
5930
9870
6203
9530
7912
9469
9069
8587
9248
8551
7695
5172
5760
9467
8593
7894
7248
9394
5538
5444
6734
9844
5685
9546
9344
6055
5740
6723
5557
7240
7752
8091
9084
9681
9317
7600
8922
8312
7301
7947
6027
7155
8577
7129
8788
9601
6447
6957
5710
5486
7094
6261
9287
5282
9787
9049
9390
8726
9427
5540
8042
9245
7911
5625
9268
8605
8826
9628
7590
6734
9740
7903
7825
6807
9263
9708
6606
8918
8087
6754
6482
7801
7576
8125
5879
5933
8680
8001
5568
7300
5995
6190
8804
9202
9407
9917
9232
8286
8492
7609
9692
5383
7849
7192
5743
5854
5715
7284
9658
6207
5916
9019
6250
6537
5218
8075
6534
8603
6621
8608
7060
6953
7251
7852
5980
5231
8881
7096
6189
5617
6186
9652
6505
8235
6815
7864
8182
7819
6109
8796
8636
7910
7922
9401
5093
8558
5794
7057
9769
5834
8948
7515
5324
6469
5203
9017
6494
9066
7121
5975
5644
7779
6992
8421
9001
7407
9234
7961
7523
9220
5115
8133
5172
7102
8769
8782
9465
9421
8933
7167
5904
5148
8723
7441
7494
9443
6786
5249
7751
5147
9214
9313
6598
5062
9475
9845
7553
5782
5930
7582
5167
6773
7469
7651
6318
8432
8119
9024
6204
6479
9719
5842
8888
8253
6712
5303
5453
7105
5533
7076
6652
8305
7175
7041
8607
7451
8072
7067
5944
5643
8521
5535
6144
9868
5647
5696
7048
9650
8906
8943
5961
8624
9875
7446
7033
8572
8645
5664
8258
8771
7005
7205
6849
8666
8087
8670
5437
6473
9501
7663
7372
9212
5411
6056
6794
8687
9891
7878
6563
9529
8468
5557
6127
7991
5543
8074
9570
9800
7948
8936
6605
5371
7178
8588
6777
7206
7015
8808
6838
7707
9906
9659
9521
5515
7857
5495
7679
9560
6854
6672
8973
8309
9907
8250
8714
7466
5285
5731
6560
6881
9027
9377
8226
6506
8789
9300
6670
8417
9435
6796
5427
6816
9876
7935
8397
9546
9515
7792
6917
6734
8802
6515
6311
6274
7503
5247
6518
6046
6206
7120
6736
9218
5511
7799
5442
7643
9543
5158
5104
9939
8862
5257
7760
5715
8617
6487
5841
8827
8378
7501
5226
5229
8825
9635
7559
8543
9368
5443
9495
5796
9611
5527
9872
7252
6137
6751
8945
9551
9216
7049
5083
5521
7140
7283
5811
8361
5835
9375
7441
8333
8506
7886
8552
7633
6161
5335
8584
8723
5891
6060
7536
6132
9841
8951
9478
6286
9383
8192
5487
5056
9002
8832
5348
7096
8793
6587
5971
7371
5150
