1447
9131
7516
7406
8960
6131
6038
5593
8384
6135
5464
8147
5818
5919
7324
5586
6807
5944
8773
6014
6968
6324
6670
6588
7951
6542
9980
8853
9934
8452
5263
5316
8457
5962
5658
5109
7711
7463
7392
8699
8312
6910
7141
8735
7305
6427
9551
5591
6447
7947
8947
7587
6150
5709
9202
6992
7697
6387
7445
5138
5888
5774
9676
5561
5367
9315
7251
6576
5070
5296
5927
5792
8258
7006
6274
6119
5641
6772
6371
5943
8842
9558
5832
7914
9686
6846
8727
8199
9467
7560
9424
5642
6383
6050
8111
6618
7100
5061
6372
7537
9897
9786
5435
7101
7028
7586
8392
7802
5409
7316
7330
7116
6806
7310
6737
7223
9708
6514
6345
5551
9363
5999
8629
6615
6706
6860
6650
6253
6525
5381
9396
5974
5811
8871
6991
6841
8068
5301
8274
9478
5762
9687
5042
9918
7396
6712
5553
9231
5963
6673
5269
5411
5486
7811
6072
5402
8772
8197
9940
5691
6540
8116
9098
6884
6424
8352
6563
8886
5345
9310
7152
9871
5013
8518
7396
9142
9214
8699
6170
6856
8929
6911
5348
6518
9407
7866
6594
9035
6983
6735
8716
6852
5899
6969
7962
7158
9877
6617
8764
8766
5293
7714
6405
6385
8873
9359
9717
7433
6826
9009
6175
9948
5736
5124
7130
8739
8845
8881
5967
5244
7789
6484
5454
6433
9119
5153
9677
9842
6934
7058
8912
9263
7820
5344
7990
7604
9697
9967
6160
8175
8100
7888
9337
7340
6058
6780
5360
8974
9483
5786
7198
8865
5940
7982
7919
8018
8077
9676
8159
9301
5347
5342
8964
5485
8704
9760
7743
7274
8173
5606
8798
5914
9014
7219
5019
9928
5374
5833
7331
5087
9730
8834
6294
7783
5919
5553
9996
9554
7734
9849
9755
9934
5920
9180
5130
5278
8103
9359
5160
5679
6017
8003
5339
9478
7071
9884
6857
9739
9987
8654
8094
9269
8455
6199
6423
9567
7800
9897
6686
8530
9071
9808
6456
7101
7999
8097
7198
5321
7503
9889
8929
7546
8577
8728
5518
6111
9985
6239
7712
8466
9256
7855
8099
5408
5986
7275
5294
5385
9963
5364
5340
7550
7048
8265
9120
8231
6196
9958
7759
6360
7307
9533
7417
9973
5607
7538
9478
9885
7900
9661
8221
9723
9863
6727
6901
6164
8659
9403
8817
7887
9618
5639
9572
5736
7572
5897
9762
8141
9126
9609
8710
9700
9064
7066
8131
6720
5905
5256
5587
5173
9427
9463
8146
5693
7012
8723
8621
9418
5473
6193
7182
6611
6702
5721
5298
5374
9002
9013
9496
5589
6567
6275
8301
9456
9779
5087
6705
5171
7160
7362
8237
9146
7464
6422
5057
5802
5878
5964
6885
8480
9936
7339
5083
7100
9483
9882
8538
8047
9145
8816
7744
5266
9276
6542
7818
9449
7851
7721
7642
9394
8301
5629
8887
9633
6836
6039
8550
7908
7154
9920
8948
9146
5527
7908
5513
5031
5424
7220
8465
6292
7057
9885
5989
7204
7921
5722
6657
8268
5350
8764
7494
8639
9368
9895
7410
9537
6939
6344
7632
8944
9361
6092
7710
5028
8520
6916
7262
5877
6346
7323
5444
8237
7798
6724
9172
6263
7230
7450
9087
6615
6888
6690
5523
6808
7631
6571
9174
8895
7239
8932
5658
5351
7215
6039
9385
6807
5949
9282
9691
9634
7218
6257
7386
9498
9990
5537
6204
7635
6798
8225
9981
7813
7648
7659
5691
5604
8064
7388
7826
9831
6948
5628
6904
7590
8914
8453
5188
6266
5343
5427
7575
7729
6540
8431
7324
8573
7656
9068
8081
5135
9943
6931
5816
8809
8069
5648
9514
6290
9170
7561
5301
6750
5865
9237
5626
7545
5213
8474
6288
5464
5203
9516
5910
8991
7334
5286
7953
5455
7440
6235
6994
7366
6221
6409
7432
8130
8073
7390
6650
6869
7692
7246
5577
5906
9500
7869
7764
6587
8837
6636
6884
7695
8388
5870
6399
9360
7759
9976
8766
8788
8314
7268
6158
9825
5318
9263
9267
9912
6609
6737
5782
8232
8155
7102
8555
9927
5720
9077
7405
8903
7747
6836
5980
6682
9250
5562
5819
7570
5805
7771
9774
7557
9707
8740
8214
9565
9160
5981
5191
5884
9273
5624
6976
5261
9812
7451
5304
8146
8076
8267
7720
9211
9262
7262
9436
6095
8259
5161
8168
9002
5000
9708
9827
8638
5250
5511
5969
9917
5727
8933
5409
5687
8934
5725
9524
9274
5890
5034
7768
6794
8676
8864
6817
7911
7244
7801
6340
7717
7742
9087
7473
9751
8227
6184
9146
7205
7777
7319
6417
8430
8672
9039
6263
6300
9069
9708
7020
7192
6412
8983
8986
7301
7315
9478
9027
9562
6514
8995
5570
8194
8378
7027
6285
7450
9346
6892
9572
8616
5974
6118
7181
5886
6047
6741
6156
7599
7565
7592
5179
5703
5359
8228
6127
5824
6032
6518
9303
9740
6902
9056
9978
6702
6225
8409
5930
6746
9000
6227
7381
5999
7054
8167
5297
5375
6159
9389
8650
7337
9505
9301
5044
6516
5577
5872
9755
6632
8830
5393
7011
7332
8421
5744
6758
6472
5819
5746
7137
6771
6836
5831
8141
6076
6693
6444
6475
7015
6700
8701
7629
7361
6103
6415
6825
6956
9222
6258
8611
7820
6306
8516
6989
5689
6880
7670
5670
8466
5231
6081
7528
9009
5487
6294
8714
6235
8827
6717
7590
6006
9145
9394
5419
5773
7303
5114
7506
5411
6954
7364
7912
8088
5730
9996
6777
5309
5555
8937
9114
8726
9084
8728
9796
6541
7359
7029
9502
7854
8305
9191
7977
6950
5701
6352
5712
9968
5690
6383
8762
7061
9843
7157
8791
8426
6846
5946
5390
5906
7084
9838
5112
6344
9953
9794
5061
7354
5418
7746
8322
9144
5928
9600
7886
7514
6787
7076
7770
5762
9381
6498
8013
6611
6314
5389
9145
7918
8031
7669
8738
6291
7754
9886
6205
8778
9933
9834
8345
7191
8798
6927
8884
8968
7755
8465
7383
7461
7217
9558
8584
5303
5426
5054
6689
7623
5661
9086
5054
7355
5500
7354
6788
6142
9836
5447
5300
7584
5647
9944
9947
6307
6930
9802
9280
9448
5792
8582
7317
8969
6709
8439
8050
8439
9420
6536
6612
5436
7127
8886
5968
7853
7378
9357
8378
8596
5847
7684
8855
6659
8318
5953
8107
7350
7069
8430
8163
5283
7285
8093
6077
9584
5405
8549
7420
6167
6191
7254
6984
7529
8857
8664
5311
6113
8035
8747
5091
6682
7125
7520
7914
7209
5476
8125
7351
6451
9505
5383
7426
5335
7115
7733
7219
6717
6623
8039
8135
6837
7327
6792
8424
7876
8700
6006
5321
7084
9822
5044
7784
6666
5428
8416
8999
5222
5326
5639
5342
8136
9427
5913
6245
5489
7164
7939
5884
6058
5396
5990
6775
5985
9745
5392
5872
5239
9972
6646
8214
9707
8065
5849
8429
5155
6174
7250
9175
6680
5854
8746
5200
7552
5218
9281
6368
5222
6901
8796
7817
7039
8207
7841
7026
8664
6329
7997
9821
6398
9753
7018
7415
7185
8868
5492
6879
7305
5533
5640
7123
6846
8371
8162
6950
8396
6399
6483
8395
9226
6616
5910
5870
5843
9180
9185
9601
9155
9603
9411
8656
8084
6947
7298
7908
9190
9305
7851
8426
5311
7645
9331
7809
7292
7861
6305
6774
6330
6681
9564
6190
7943
8609
5338
8196
8017
5678
8530
6285
5791
6958
6255
7497
9196
5082
9092
6544
7350
6401
7554
9799
9971
8049
6961
5484
9841
9131
9353
7532
8678
6883
8456
9358
6539
6342
9690
7678
5971
5748
7024
7361
5494
5299
9684
5146
8865
5912
6922
5840
5178
8929
8351
9433
8614
6617
8687
6324
7149
7549
8758
7356
8753
8495
8855
9357
7724
5716
5659
8679
6725
8359
7718
8521
8663
7361
6840
9321
7162
9668
7360
7470
6528
7736
7969
9176
8326
9276
8665
8502
5360
5118
8711
8462
9791
9820
7878
8215
5854
9927
7899
6908
5854
5931
6308
5893
9217
6157
8332
7101
9726
7318
9912
8720
8078
8086
8043
5166
5433
6639
9274
9339
5243
5347
9360
6875
8946
8457
5906
9044
5946
8819
7522
8526
8890
5555
9589
9933
6362
5175
6298
7825
5806
6116
7386
7325
7657
5967
9678
9357
7010
8292
7568
7342
7757
5454
9459
7164
7719
7803
8538
8507
7425
9300
5520
8028
8405
7910
7324
9947
6910
8432
6067
7610
9710
9565
9491
8740
6277
7777
9510
5415
6077
9025
6804
9598
8908
6528
6561
9767
7867
7281
7766
8472
8122
9140
9364
9850
6437
6977
9783
5849
8706
6895
8929
6538
7448
6669
5223
9000
9435
8281
6826
6060
9609
5988
8645
5045
8286
6599
5645
5283
6289
8978
9436
7717
6676
6305
7584
5545
7705
5727
8900
8038
8504
5729
6825
6368
9417
5092
8396
7071
8117
9378
9278
7681
9865
6846
6762
6887
9788
8720
9436
7563
7747
7852
6663
8288
8715
8942
9620
6992
7002
8868
9829
9536
8367
