1146
8780
8315
9290
5966
9100
6739
8606
5617
7030
8116
6052
7745
7607
5534
6975
8386
8313
6020
6827
9967
5206
6868
8918
8477
5165
8812
6237
9598
9248
9473
8094
7410
6452
8430
5662
5217
5096
9508
6082
6042
8130
6246
5843
9920
9661
7617
9346
7739
5673
6330
8853
9104
7229
5579
7743
9727
6668
5859
5268
8749
8774
6259
9699
5312
6231
9613
7661
6359
9998
5782
5412
9304
5266
6330
8694
8787
8230
6794
8451
5121
9543
8562
5499
5176
5331
9329
6684
8135
5602
6039
8919
5313
9130
6879
5599
7682
5023
6120
9140
8268
9260
5107
9879
6853
9110
5669
7864
5742
7150
6320
9570
8206
6433
5843
9839
9546
9075
6893
5438
8643
6675
7931
8470
7606
9443
6724
5389
5730
6685
5454
9574
7313
7602
6538
7148
6504
7567
7340
9816
9225
6975
9988
5902
9676
9569
7153
8452
5101
9932
9665
6138
8005
5864
7628
8703
6919
5323
9386
7369
8806
9526
5784
7656
9689
7815
5163
7722
8544
9946
5734
5515
6904
6019
6241
9480
6593
6498
9807
9715
5499
9632
9452
8755
7318
7543
6124
7315
9142
9662
6089
8129
6835
9927
8655
6743
7089
5043
8185
8871
6532
5279
7469
8496
8779
5629
9048
7593
6578
8511
6899
9884
7735
8190
5660
9778
9469
7602
8763
6508
9067
9473
8893
5316
5864
7073
8907
8791
8127
7367
9896
9689
7333
7418
6690
8136
6704
6410
5718
9678
5628
6906
8453
6616
7309
6268
5969
9334
7215
8806
5066
6014
9087
9511
9086
6941
6260
7817
5782
9252
5247
9263
7832
7639
5203
6275
6693
7690
8826
8308
8804
7406
5372
8224
8202
8661
6926
8929
7063
7148
8027
8892
9111
7396
6006
7455
6203
7683
9548
5063
8287
6876
7796
8681
9256
6157
8275
8995
6886
8224
6246
8343
7730
9537
7392
5695
6081
9145
9482
5700
8813
5274
6567
5844
5587
6412
7761
7861
8454
5803
5577
9450
7907
7476
5383
7015
7489
8384
5824
6119
7965
8309
5483
7661
9885
8248
6184
8031
5510
8286
8630
6300
7921
8505
8868
5761
9468
6449
9046
8068
9078
9171
5293
9551
5788
7388
8404
5042
8474
5264
9625
7886
7477
9509
6322
5559
8062
8225
7830
5581
5280
5448
8839
5789
7502
7745
6472
6728
7676
9281
9431
7426
9590
6192
6288
7630
8520
7053
7319
7344
9450
5306
7766
8378
9079
9779
8084
7352
8473
8440
5713
7308
6389
6298
9368
6154
6540
5520
7432
7294
5563
9845
7962
8451
5312
6551
7967
7930
5301
7188
5727
6953
7594
7714
9138
8518
7647
8249
6190
7844
5587
7159
6849
8073
8373
8989
8025
9492
6448
6368
6148
9795
9660
6239
9145
5338
5767
8799
8340
7396
9325
7601
6412
9167
5409
6955
8440
5202
6308
6275
5676
5642
8111
5434
6529
7377
7904
8667
6905
7356
6869
8002
9877
6795
8231
6468
7464
6247
7800
5270
5684
6622
7179
5180
5174
7702
5176
7025
8109
5111
7307
7676
9877
8444
8388
9241
5514
9782
5207
9201
8921
9174
9195
6943
6912
8549
5950
8048
5082
5105
7055
7660
9161
7290
6314
6950
8225
7742
5004
8836
8300
8229
5377
7648
6287
6382
8344
6049
7862
6564
5947
5822
6500
6205
9725
8602
6221
8837
9849
9147
6282
9603
9916
8481
9069
6502
5465
6658
7040
6639
7520
7974
8629
6056
7270
8921
8380
6281
5976
5725
6039
7115
7397
5567
5788
8824
8365
7415
6706
6504
5380
7635
7498
7763
9797
7086
5129
6093
5676
6703
7201
5098
6623
9015
6505
7207
6151
9497
7961
7026
9318
7814
8102
5144
7572
5207
6314
6078
5334
9897
6179
9374
6192
8573
8109
7433
6952
7956
5554
9786
7641
8698
9070
9117
9944
6728
9046
8174
6315
9933
8231
8692
5790
5410
9247
6954
6900
6236
8159
9110
7737
5276
9973
5131
9108
5282
5338
5459
8842
7419
8719
5619
7072
6261
8228
7086
9466
8310
6862
6319
6499
5103
5111
5518
7313
8104
8593
9716
6270
8994
6871
5788
9822
5099
7512
6949
9398
7177
5483
6579
8028
8864
7739
8932
9698
5399
9818
8181
9271
9091
7475
5507
5943
8722
6225
6691
9780
6083
8873
5085
9256
9568
5497
8742
8943
5902
7224
9181
9895
7495
9436
9302
6243
6328
8903
9712
5652
9797
7790
9907
9877
7526
5491
7286
8991
9818
9884
8192
5347
6795
7818
7460
5194
8156
6575
8647
7433
5092
9654
6226
8554
5730
8773
5186
6316
8474
9221
9384
7196
6121
6428
6149
5268
8256
7845
7328
8704
7595
5354
5184
8319
8707
9084
9721
6488
8791
5459
7907
9376
9855
8298
7203
8965
7767
7665
5452
8743
7256
5623
5355
9385
5601
6000
6429
8524
5692
9880
8848
8280
9779
7562
8355
8607
8670
8555
9148
9916
9507
7385
8354
6344
5181
5589
8148
8776
7484
8164
6746
5424
6661
9637
5669
9503
6093
6092
9876
9873
8951
9412
9340
5529
5079
8536
8916
5539
9132
8357
5767
9702
8306
6195
8733
5151
9108
8706
9873
6864
6872
7396
7355
8582
5452
9404
6363
9022
9005
7390
7508
6035
9462
6798
7334
7275
8514
8139
8337
6195
9114
6178
5138
6327
9878
5694
6374
8040
5661
8110
6460
6633
6926
8869
9635
9255
9986
8017
5410
8272
5385
5725
7069
7936
7035
8327
5949
7379
7527
9700
9000
7445
6651
6892
9038
5255
7384
7233
7558
8288
6344
6687
5406
6470
5997
8329
5987
7140
7201
5767
9740
9057
6562
6675
8613
6177
6450
9047
7780
9372
9868
5718
9177
9156
5426
8906
7434
6768
9727
6737
7937
5486
8997
9167
7721
7907
7343
8786
6054
9698
6615
7462
6049
5194
5467
9477
5137
7933
5326
9408
6846
5041
5150
9731
7075
9725
7504
7123
6355
9037
7572
6517
9881
6706
7937
5286
5673
9007
6191
8854
8556
6431
6494
5901
9372
8898
8139
5280
6469
5292
7746
8849
6610
6825
6499
7831
7525
7372
9725
6269
7893
7772
5695
7587
7927
8732
7482
9337
8715
6863
7685
7444
9621
9865
6301
7337
8127
7863
7181
7777
6239
9603
8359
7666
6478
7365
6301
9720
7261
7071
8633
5660
9352
5689
6086
8927
5674
7316
5279
7882
5616
9644
8288
5819
8914
8007
8628
7652
8979
8573
5929
6110
7001
7308
9191
5690
7162
6827
7337
8990
5954
8119
9724
7463
7231
9610
9477
5557
8315
5070
8638
9335
9359
6325
7965
6674
5359
9674
5353
8898
8384
5306
5032
5583
5236
7749
7357
8444
6575
5638
8616
8156
7992
8995
9090
5218
6300
7578
8734
6680
8920
8697
6564
8486
9305
9926
6247
8322
7509
9133
7339
9298
7637
5524
8545
9912
7757
9651
5364
6623
8220
5252
6595
9900
5277
8172
8911
7445
6601
6411
5683
6405
9630
6272
5973
5213
8062
8949
9653
8859
7500
5030
6298
5116
9761
9374
8903
7848
7482
9423
9536
5506
7475
8444
9456
5134
5450
8205
7007
7400
9603
5428
8100
8333
7443
6234
5114
9675
7623
5005
