1087
8950
9287
6538
6413
8856
7099
7526
5409
7783
5015
8838
7817
9722
8961
6202
6448
9701
6712
7515
7315
6920
7069
9495
9038
8264
7379
5964
9388
8668
5734
5816
9391
5550
6949
5045
8596
6828
9083
8648
5342
6500
5033
7772
9066
6672
9801
9312
8414
6920
6716
5829
7676
9787
9622
5665
5894
6965
7975
7487
6529
6903
5849
9069
8733
8931
6683
9960
6398
9491
9793
8326
7204
8379
8522
9389
8678
8921
6218
7805
8890
6380
6457
6721
7751
5224
6933
8219
6398
9582
5686
6017
6563
7392
7682
6448
9859
8257
7135
9425
9137
6934
9173
8089
7648
6388
7341
9531
7845
5055
7833
9464
8763
6355
8564
6493
5999
6401
8377
8053
7392
8598
6305
7953
6754
5588
6816
7729
8497
7756
7211
5625
5730
6031
6777
8876
8639
5736
9231
8624
5474
9262
6276
8818
9188
5241
6165
5858
5676
8159
8616
6848
7785
6689
9867
6557
8521
5961
9395
6091
9599
7580
7591
7899
6428
8542
7007
6414
6049
7315
5455
6300
9787
9583
8885
9255
8164
8220
8782
5161
7939
7805
6539
9343
7735
6287
6766
6919
7375
7475
6491
9245
5184
7109
7094
9328
7930
7379
6314
6970
7105
5792
6253
5112
6263
6884
7186
9893
6168
6932
5586
7297
6128
7448
8355
7090
8886
7678
7330
5033
8751
9559
8134
7246
7770
5785
6952
6929
8940
5327
8875
6331
8319
8928
5349
7877
8323
9510
6772
9711
8068
9375
7746
8377
5015
7606
7334
7555
7740
6898
6488
8843
6020
8512
5345
9011
5028
7072
5841
5802
7990
9759
7718
7005
9128
6687
7488
9936
7976
6117
9554
5656
7624
7023
7609
7200
7582
7359
6095
7950
6920
9605
5365
8182
9773
8912
9978
9112
8872
5161
5646
6451
9026
9998
9011
7862
7586
9750
7179
7371
5376
7359
5973
9440
8058
8385
8376
9478
6393
7402
6164
5935
8039
9573
9038
6741
9697
6474
9093
7471
6191
6375
8414
8534
9304
7495
8936
8305
8396
7751
7995
8079
5496
6895
5599
8716
8275
9360
8850
8431
7408
9223
8756
8801
9570
9745
9356
7249
8101
7857
5353
6811
5235
6111
6520
9581
8320
8061
9070
6833
5050
5127
9500
5594
8181
9796
5791
8224
9559
8190
8658
5354
9642
7869
8203
6291
7158
9975
7839
8042
6766
6853
8378
7914
7001
9011
8116
8720
9741
5162
8809
9718
6365
5443
5888
6605
6429
8314
6422
7257
5074
9369
8339
6302
7105
5678
5654
5713
7209
7835
6571
5850
6810
8858
6886
5981
6692
5771
6639
9943
7188
5402
6029
6421
5852
8262
7578
8704
5997
8046
5617
7564
6602
6513
5228
5617
5289
8806
9647
5264
5592
6282
9230
7445
8876
5093
9353
9341
9086
5969
7916
7807
8732
5732
5866
7048
6497
9866
5657
5033
7127
7788
9256
9743
6538
6146
5832
9226
9124
6454
8558
7314
7676
8543
8537
5930
5187
5201
7916
9946
8857
8952
8230
9049
9805
8957
5235
9105
8995
6046
8191
9427
7446
8616
5563
9640
8806
7275
5319
9089
5381
7803
8150
9348
6211
9596
7568
6093
6081
7598
9104
5732
9083
8006
6130
8566
9401
8556
7221
7971
5869
5117
8061
6354
9821
9085
9905
8242
6679
9721
7605
8465
9465
6201
7212
5324
9139
8086
7348
8884
8185
6621
7194
8205
5110
6804
7685
6270
9813
7742
7621
9639
8688
9049
7881
5708
6441
9388
6148
7478
9453
9365
6607
7816
9717
7077
5709
8325
8651
7459
9073
9217
8721
5387
6281
9392
8250
7378
7949
6467
9696
6622
9784
9836
9569
6551
6074
6259
6281
8002
5211
6446
8818
6133
9038
5355
9872
9685
6186
7577
6916
8166
6572
7889
6182
5703
7404
6559
7673
5653
7720
5893
5197
8699
8284
8377
7850
5084
6493
6515
5211
5082
5826
9609
6040
6898
8422
7770
7713
6036
8308
9805
9337
6255
9566
6574
7763
6623
9420
7366
7019
5032
8078
9384
5945
9593
5838
9624
8300
8126
8474
8309
9060
7456
7426
7156
9194
9332
8397
8482
7437
5992
7242
8238
5764
7328
7247
9550
7278
7875
5744
9644
7692
8782
8432
5197
7784
6828
9802
6234
9135
8359
5854
6690
6754
7512
6936
9650
7369
8834
5484
9866
9182
5743
9540
5662
5205
5894
7470
9671
5617
7119
8094
9684
8810
5233
6727
6449
9469
8269
7891
6703
7253
6922
5154
7108
6249
7005
5000
7932
5303
9101
5475
6325
8575
7250
6967
7722
6593
7154
9935
8911
8742
5713
6670
7262
7841
8038
5507
6936
9848
9769
6134
5709
5698
7512
7727
8656
9910
5879
6384
6273
7089
5385
7648
7388
8661
7535
7459
5630
7674
5316
7079
6727
5165
6695
7925
8627
9534
7494
5676
6859
9172
7001
8671
7793
7186
8818
5546
6006
5040
8091
9118
5259
5565
6681
5596
5747
5051
9043
8355
7755
6386
8836
8091
5053
8826
8457
5150
8664
8886
7729
7962
9357
8296
6617
8937
9889
9489
6128
8279
8637
7555
5561
7180
5484
9210
7218
6742
5962
6820
9011
6685
6786
9090
7279
5608
7375
5107
5807
9211
5748
5520
8833
9590
7046
8064
5831
6233
6710
6035
6789
7940
9898
6013
7613
8686
6046
5241
7871
5290
6269
9956
9442
7176
7498
8601
6849
5229
7902
8325
5255
7312
8459
7116
9604
5722
8368
5016
9609
7037
8731
6222
7889
7514
7886
9521
6781
5217
9740
7383
5593
6567
7723
7485
8547
7509
5100
6392
8655
5195
6251
7459
5575
9507
8620
8695
7229
6695
7637
7905
8119
5176
7177
7145
9639
6378
6658
6373
8599
7139
6261
8673
7372
7253
5720
8369
7005
6664
7504
5609
9200
5497
7758
9708
8796
7219
8832
9920
8004
6627
6298
5953
8840
6328
8240
9830
5660
9791
5172
7986
5434
9020
7118
7883
7944
8487
5750
9189
9129
7001
5122
6241
5578
6273
8225
6526
8259
5047
5692
8826
6039
8744
6529
6449
7679
6165
8783
6147
6821
6973
6585
6877
9035
7066
6008
5783
6469
5919
7939
5852
5974
5253
6159
6948
7991
7152
5215
7566
7123
8253
6566
7528
8691
9956
5534
9980
7886
6145
5529
5384
9594
7411
5220
9831
6818
7949
9603
5792
8643
7471
9456
8468
6441
8801
9065
5472
6648
9254
9250
7942
9392
6910
9257
8283
8980
5054
6319
8315
6831
7730
5473
5139
7387
8069
7147
7859
8541
9261
7902
5373
5652
8047
7358
7384
9939
9844
7116
9863
5524
9827
6069
6953
7906
6528
7006
6746
8045
9425
5437
8928
8108
9155
6785
6913
5630
5773
8399
9917
9516
9894
6778
5554
7631
7948
8066
6836
9864
9122
7432
8174
8496
7532
8965
7314
6830
5591
7565
