1673
5645
8048
8741
5222
6386
7361
7299
9824
7068
9610
6992
5627
6407
6520
9092
8511
5281
9299
8975
8009
7151
9328
7466
6606
9808
6320
8171
6001
9147
7317
5907
7018
8057
7619
5040
8033
7697
5203
9178
6484
7028
9223
5433
5229
7272
6426
8739
8635
9084
7907
8222
7811
5136
8801
5471
8240
8872
5378
7016
7944
9740
8484
7371
7896
6498
7881
6048
5341
8316
6732
9591
5637
8325
6772
7185
5017
8323
8697
5530
6617
9950
7557
5419
5129
6033
7385
8336
9987
9652
8604
8550
7837
8023
6318
7720
8151
7787
6724
9692
6018
8602
6318
5558
5277
5078
9731
9413
9792
5045
6439
8684
6019
9245
5214
8302
6627
9561
8201
9916
7454
7432
7683
6924
7014
5634
9984
8153
7378
6378
9494
6662
5360
6639
6855
8817
6990
6120
5969
6213
5844
8155
9169
9312
9278
6154
6399
6222
9124
7858
5322
6793
9769
5551
9285
7690
5976
7189
7125
5916
5701
6670
9689
6073
5487
6787
5811
8686
5835
9100
8532
8069
8017
9044
6935
9250
9509
8416
9307
8447
5791
8463
6362
8210
6463
6246
7054
6564
9347
7001
7544
6764
9634
5812
5195
6608
5003
5669
9451
5121
8506
6859
6429
5950
5821
6248
9901
7050
7700
5548
6839
6473
9252
7779
6602
9336
9857
8729
8885
7176
8519
9866
5551
5116
7749
6032
6118
6527
6271
8798
9021
6187
9450
9735
6968
5634
9679
8446
5919
6730
5748
7360
7812
7934
6792
5708
7541
9005
5541
6687
5199
6498
9068
9967
5307
5182
5206
7420
5667
6999
8574
7536
9212
7133
8471
7531
7198
6306
6854
5838
6286
8002
6891
8719
5482
7092
8225
7356
6478
8332
5691
9966
9886
6555
7428
5993
5309
9569
8023
6180
8439
5919
9564
6330
5890
9155
7090
5475
7328
8646
6464
6184
9986
6623
8670
5931
9670
6355
6236
9954
8620
5690
7779
5518
7497
8468
9319
9449
5691
5105
9835
5168
7013
6584
9671
9696
6332
7026
7542
9122
9246
7818
8594
7462
8462
7342
5429
6911
6371
8742
9645
8379
8153
7978
9333
5112
9156
5817
8987
7477
8067
7221
6724
6026
8947
9119
7046
8847
8869
9892
9216
9958
5644
6957
8799
5145
9473
6853
5684
9686
8175
9314
7664
8001
5646
5309
9211
9939
5894
9719
5811
8037
9380
6643
5793
6519
7710
9231
9897
8760
5724
9281
5570
9497
7678
6187
8359
5837
9784
5130
6961
8543
5571
6467
5456
6437
5043
7523
7063
9133
7001
5995
5038
7233
6347
8791
9076
6810
9391
8550
6661
7779
6854
5303
5758
7748
7849
6865
7547
7258
6625
5890
5444
6613
9406
5068
8419
6739
6723
7102
5112
5780
7756
9810
9482
9246
9073
8030
8184
5355
8188
8153
8264
9808
9959
8373
8520
6810
9056
5728
6270
8854
7940
9583
5596
7145
9165
5089
9817
8386
6834
8763
7421
6937
9223
5229
5533
9593
7577
7882
8670
8880
6924
5299
6373
5884
6721
5271
9458
5057
8407
6117
8473
7962
9124
7611
5872
8226
5227
9505
9730
8232
6117
7670
8289
6342
6858
5624
9105
7185
8640
6361
7594
8353
7624
8558
8208
9466
5110
6426
7283
7861
8448
9367
7856
9455
8311
5196
8259
9344
5146
8479
5284
5902
7165
5574
7379
6154
5433
8100
6299
9614
6568
8684
9019
7362
5733
7513
9668
8126
6750
8942
6739
6744
9162
6775
9732
8242
6237
7466
7396
6393
5812
5610
6633
9709
6947
5421
9257
8427
7241
7126
9531
7235
5122
7516
7760
5904
6360
8554
8631
6176
7823
5858
7980
5662
6696
6560
6871
5469
9346
8026
9339
7378
8806
8302
9527
5751
5946
5251
8220
6179
6425
5271
6648
5799
8567
9565
7799
6466
8990
8188
6008
9400
6415
7258
9684
7448
7283
8750
5538
5938
7097
7710
9401
9909
9914
6816
9948
7238
6864
8684
5333
5908
5572
9161
8604
5929
6946
8952
7749
9744
5013
5957
8128
8014
8085
9393
8082
7639
8680
5207
8640
7704
6567
7069
6463
9671
9820
8201
5137
6132
7151
6833
9036
6733
5490
8929
9504
9301
7838
6774
6397
6214
8270
7883
9015
6739
6015
8345
6950
8691
9743
6242
7771
6942
8532
9624
6471
9792
6385
5638
5619
6504
7322
8616
7186
6671
6939
6940
5666
9414
6449
5460
9357
9254
8744
9777
6494
6263
6924
6969
6182
7669
9792
5288
8083
5199
8614
7960
8307
7650
6312
9281
6881
7199
5661
7432
8231
7701
6107
7636
6806
7694
5346
8454
8842
6842
8035
7457
7073
5503
9991
8845
8968
7966
6525
5069
6202
7028
5813
5004
6674
7801
6768
9955
6220
6638
8312
5701
7856
9175
8799
5594
8959
7863
7464
8813
9505
7866
9773
8759
5172
9454
5672
9396
6181
6229
6254
9093
8011
7000
7098
6463
5101
7327
6387
5648
8451
9623
7580
6520
6496
6907
6517
6508
6692
8863
7921
8971
9823
6743
9103
5149
9362
8690
9667
7823
5482
5574
5736
7210
9857
9210
6600
6338
9436
8219
7765
9183
8087
5155
7473
5122
6112
7025
9246
7647
6167
8460
6369
5672
6689
5588
9816
6189
9759
8979
6597
9775
7574
5122
5438
7818
7624
8625
8441
7858
9921
6015
6859
7267
9555
9798
8027
9564
6258
8204
5148
5330
7051
7250
8940
6981
5989
6189
9333
7221
9619
9970
9254
7832
9328
8028
6764
6027
5342
6042
6787
7497
9353
6889
7870
6764
6396
9625
6088
8571
7678
8851
8954
7095
8718
7919
7041
8816
5007
7615
9339
9278
6866
5881
9533
9893
9223
8517
8919
6366
9384
5047
8927
6310
8291
8425
6783
8717
5935
9611
8454
5100
8550
9417
9359
6836
8291
7375
6118
9031
5710
9743
6474
5648
6118
7844
5214
9937
9607
6938
9223
5020
6992
8880
8395
6074
7492
8887
6112
9126
8300
9871
7622
8368
7849
8456
5657
5836
9599
9205
5746
8306
9240
7739
5516
9331
7471
7202
9990
5023
5111
8830
6841
5309
7511
9272
5813
6222
7584
7654
6306
6465
9202
8069
8278
6434
9302
7642
8800
8459
6572
9925
7305
9984
9581
5136
7742
9990
9853
6356
5793
7085
5615
7051
7014
8052
6517
8229
5050
8392
9990
9722
7422
8436
6530
8487
6813
8580
8515
7279
9469
7739
8063
8051
9255
6510
7087
6764
8386
9552
5889
7343
6370
8469
8591
8032
7082
7699
7599
6841
5230
7016
6153
6435
7761
6512
9365
9971
5463
9546
9370
5712
5687
7140
6474
7321
9267
8199
8968
8005
9453
7498
6086
9298
7333
9710
5294
5928
5636
7203
9673
6679
7985
6049
8765
6850
9262
5349
5327
8455
6008
6196
7133
5332
9400
5868
5031
9843
6939
8165
8622
6280
8318
6169
8018
7263
9594
6889
7934
9164
9465
6597
7372
8620
7329
6481
5942
8024
5047
5253
6778
9624
8364
8895
7824
6601
7058
5494
8965
8132
7273
5859
5838
6969
7658
5509
7441
9146
6070
8531
6886
8243
6301
6944
9913
5481
6460
5617
6498
5824
5742
7505
8410
6872
6149
9984
7922
5499
7269
6290
7699
5971
6625
7288
7840
7546
7714
9761
9617
7885
8629
6841
6779
8268
6965
7887
7821
8672
8664
9358
7562
5659
6786
8019
9523
5213
8516
5596
7612
5207
7150
8725
8168
7268
6416
7358
5093
9476
8249
5924
9026
7418
8184
5677
5328
6722
5924
5469
9101
9424
7926
5866
7500
6958
9457
9218
5531
5994
9471
5971
8566
7532
7535
7086
8402
7776
7747
9450
8796
5956
8840
5005
5293
6880
5762
7067
8692
8750
7563
7499
8920
7518
7819
7515
5104
7709
8741
7138
8331
9363
5109
7855
8269
9920
7767
6215
8865
7924
9237
8097
6605
5361
7698
9549
9306
7288
7062
6379
5499
9129
8928
5343
5809
9450
7287
9728
8686
8591
9223
9493
6823
7743
7964
5159
5614
9608
7409
8051
5175
6364
8141
6955
7050
7495
5252
6492
5843
8443
7698
8073
6816
7784
5816
9213
9382
7225
8726
5117
7603
9709
8035
8640
9938
5543
7047
7661
7156
8973
9855
8492
6522
8034
9419
9455
5339
6313
5687
6202
9768
9058
6201
8308
7557
9521
9284
7668
6391
6233
6847
7936
8076
9432
9772
5835
8401
6439
9757
5838
6248
9121
9958
7392
9148
9771
8624
5851
6381
7101
5436
9307
6642
6908
5247
5679
5117
7831
7812
5406
5219
5659
9038
9177
6628
9885
6730
5218
8993
7958
7261
7442
6436
9593
5827
5292
6266
7998
9099
7220
6133
6806
7539
8165
6255
5558
6571
7006
5863
9707
5630
5631
5013
8954
7525
9632
5983
7451
8007
7627
7342
8892
7796
9983
6463
7025
7587
6855
6306
7461
5363
9685
9290
9865
5059
7948
5209
6377
7329
7879
8731
8626
7329
9868
6247
9952
8495
9133
6744
6606
6771
7769
6257
5691
8448
9599
5207
7567
5354
6946
6701
5991
7028
5079
9816
7512
9839
5499
7794
5086
7937
6586
8326
5291
9004
5832
8996
6171
5910
8578
6992
7339
5959
5203
9238
6177
6003
8623
9465
5254
5821
6200
9629
8379
8831
8196
9340
7430
8039
8182
7965
9436
5871
8530
5609
7113
6940
6695
8999
9005
9454
6563
5899
7064
9732
5456
8621
7113
5652
9525
5426
7235
8362
8233
7726
9686
6106
9633
9982
5131
5342
5336
6982
5294
5962
8277
9167
6713
8684
6664
6899
7039
7946
8916
6400
9284
5044
5174
8959
6155
8758
9450
8072
7809
9790
5494
6220
6251
9640
9070
6241
7418
9688
9634
9469
9571
8803
6321
8456
5276
6331
9374
6024
6964
5206
5138
8302
8575
9232
9683
7507
6767
6163
5353
7935
7576
7821
8716
9459
5291
6741
7512
9488
8170
7020
5617
9706
9751
5057
8640
5997
5131
8147
7863
9440
5915
8771
9233
6198
6487
5915
5231
7472
6089
5257
7298
5103
9384
9061
5692
9969
6148
9391
8431
5717
6613
6413
9912
6453
7733
8380
6261
8223
7604
8569
6257
5071
6884
7140
6695
9496
6775
7939
7464
9369
7671
7831
6083
7434
6252
5177
8120
6896
5281
6177
7402
9960
8349
8225
6275
8904
8878
7957
8173
9011
8097
9377
9406
9364
9351
5518
5522
6780
5261
5509
8007
7081
9052
9531
9896
6940
7767
8758
8135
5678
9169
5835
5116
7483
9222
6713
6881
6058
8224
7078
7169
6770
8126
