3549
9844
9299
9827
9389
9705
9400
9931
9797
9343
9490
9408
9121
9629
9947
9114
9450
9800
9795
9197
9296
9026
9754
9407
9502
9030
9248
9375
9090
9495
9287
9573
9398
9973
9631
9815
9576
9666
9519
9745
9822
9284
9102
9335
9471
9949
9524
9021
9164
9777
9456
9179
9525
9440
9455
9275
9442
9530
9743
9847
9750
9282
9857
9349
9935
9479
9434
9220
9513
9722
9301
9695
9163
9960
9470
9758
9419
9036
9592
9317
9566
9375
9628
9934
9225
9238
9013
9514
9378
9929
9273
9637
9123
9314
9911
9216
9236
9072
9011
9592
9550
9015
9180
9483
9966
9858
9696
9183
9773
9768
9916
9855
9494
9804
9846
9396
9716
9225
9319
9034
9534
9289
9908
9486
9274
9949
9149
9280
9011
9172
9615
9586
9541
9373
9946
9372
9963
9937
9247
9354
9402
9013
9330
9245
9322
9468
9856
9751
9398
9017
9335
9272
9969
9884
9001
9920
9845
9514
9075
9594
9087
9066
9535
9253
9001
9358
9457
9383
9693
9021
9378
9408
9801
9718
9578
9756
9589
9631
9104
9274
9587
9605
9764
9889
9056
9904
9833
9592
9581
9003
9909
9530
9162
9293
9721
9066
9846
9383
9779
9327
9092
9811
9736
9716
9625
9737
9324
9252
9843
9974
9479
9922
9891
9078
9795
9528
9037
9280
9226
9612
9261
9005
9972
9546
9653
9757
9193
9892
9422
9648
9594
9656
9166
9030
9601
9374
9381
9252
9338
9691
9811
9527
9009
9305
9206
9345
9560
9141
9930
9007
9874
9512
9301
9964
9068
9382
9938
9190
9738
9513
9043
9303
9210
9794
9112
9996
9640
9476
9825
9352
9278
9967
9454
9883
9264
9779
9595
9977
9782
9387
9120
9048
9625
9780
9419
9593
9173
9297
9479
9687
9799
9758
9461
9413
9898
9473
9368
9035
9371
9450
9836
9273
9695
9064
9554
9268
9533
9557
9584
9499
9658
9235
9706
9238
9070
9932
9354
9615
9695
9059
9720
9362
9368
9925
9427
9351
9864
9587
9363
9557
9634
9083
9133
9694
9920
9902
9179
9719
9269
9772
9642
9838
9409
9994
9237
9986
9060
9769
9394
9676
9458
9445
9439
9042
9348
9137
9030
9190
9172
9072
9866
9717
9784
9339
9918
9042
9227
9095
9155
9293
9170
9130
9289
9975
9673
9464
9644
9640
9504
9362
9268
9684
9936
9290
9220
9799
9622
9776
9406
9630
9597
9376
9017
9716
9719
9974
9696
9437
9849
9839
9040
9228
9483
9656
9935
9510
9420
9873
9011
9828
9340
9226
9877
9138
9817
9338
9329
9776
9951
9098
9255
9491
9389
9280
9264
9524
9689
9812
9349
9588
9462
9162
9415
9277
9420
9576
9434
9767
9814
9243
9473
9297
9773
9134
9832
9688
9092
9773
9510
9776
9992
9099
9819
9837
9979
9096
9994
9599
9815
9408
9009
9060
9270
9842
9436
9106
9813
9930
9522
9626
9924
9987
9943
9454
9790
9735
9155
9493
9377
9340
9203
9342
9163
9623
9108
9953
9933
9493
9185
9572
9460
9202
9453
9592
9351
9957
9932
9189
9134
9468
9895
9441
9807
9878
9534
9086
9065
9540
9277
9452
9949
9426
9608
9837
9149
9637
9602
9091
9857
9144
9654
9382
9749
9256
9155
9800
9557
9011
9870
9129
9756
9270
9962
9737
9749
9069
9355
9781
9484
9778
9600
9089
9069
9452
9868
9621
9937
9127
9965
9183
9532
9709
9483
9019
9569
9762
9864
9029
9763
9354
9547
9239
9110
9481
9876
9657
9920
9694
9006
9541
9788
9592
9260
9993
9880
9669
9694
9676
9960
9583
9971
9300
9100
9413
9763
9380
9805
9264
9360
9184
9264
9085
9503
9300
9411
9980
9125
9274
9100
9398
9052
9637
9081
9049
9967
9566
9887
9469
9217
9985
9475
9706
9603
9335
9431
9484
9976
9564
9036
9494
9719
9374
9902
9067
9474
9834
9327
9957
9172
9286
9878
9261
9101
9841
9134
9520
9083
9018
9211
9641
9072
9740
9183
9092
9398
9455
9092
9567
9461
9239
9788
9245
9883
9138
9569
9989
9811
9934
9199
9837
9579
9222
9472
9190
9800
9290
9966
9412
9425
9535
9958
9276
9692
9868
9101
9746
9551
9637
9411
9028
9423
9066
9465
9678
9589
9418
9979
9723
9159
9227
9534
9578
9897
9310
9118
9423
9045
9005
9218
9110
9704
9141
9914
9004
9925
9162
9317
9902
9679
9979
9512
9495
9134
9484
9406
9143
9236
9140
9653
9922
9009
9105
9697
9580
9206
9837
9527
9301
9330
9396
9657
9450
9242
9127
9027
9852
9159
9081
9714
9808
9039
9234
9824
9585
9482
9942
9714
9843
9203
9834
9226
9812
9329
9033
9819
9328
9144
9318
9501
9165
9557
9943
9375
9568
9906
9094
9500
9762
9888
9738
9719
9841
9110
9133
9028
9358
9995
9605
9665
9284
9379
9665
9506
9141
9818
9580
9501
9679
9597
9651
9694
9176
9390
9949
9836
9880
9261
9487
9442
9168
9117
9891
9127
9168
9373
9395
9764
9291
9310
9925
9622
9062
9331
9115
9325
9368
9617
9435
9285
9924
9410
9597
9417
9134
9725
9886
9552
9743
9773
9290
9925
9946
9398
9779
9563
9339
9994
9111
9040
9201
9167
9508
9705
9332
9093
9179
9688
9687
9163
9240
9174
9131
9242
9789
9110
9671
9750
9245
9022
9577
9528
9879
9595
10000
9531
9189
9557
9031
9392
9770
9605
9350
9918
9400
9007
9170
9697
9664
9432
9166
9058
9016
9039
9890
9517
9582
9268
9373
9675
9362
9113
9434
9203
9197
9392
9458
9670
9287
9437
9553
9199
9054
9515
9694
9950
9781
9139
9859
9691
9002
9023
9925
9855
9710
9611
9366
9571
9143
9264
9089
9442
9864
9336
9276
9217
9858
9568
9112
9834
9420
9347
9274
9438
9548
9992
9621
9270
9351
9988
9304
9614
9298
9225
9512
9141
9940
9653
9111
9991
9934
9781
9061
9072
9729
9879
9211
9361
9284
9243
9186
9680
9794
9172
9465
9053
9200
9950
9924
9739
9688
9287
9783
9996
9435
9617
9130
9906
9208
9146
9125
9538
9136
9054
9419
9413
9483
9834
9012
9517
9123
9656
9644
9485
9982
9026
9026
9346
9314
9826
9929
9231
9543
9214
9488
9229
9660
9159
9265
9692
9602
9547
9274
9495
9899
9236
9462
9708
9909
9652
9087
9631
9325
9258
9217
9981
9390
9860
9604
9240
9880
9620
9596
9169
9969
9420
9540
9169
9164
9000
9661
9419
9067
9645
9833
9777
9804
9054
9710
9579
9075
9595
9453
9346
9500
9942
9598
9988
9299
9243
9181
9642
9517
9373
9833
9098
9094
9884
9559
9679
9191
9308
9527
9719
9410
9762
9089
9481
9521
9891
9575
9488
9622
9108
9750
9126
9312
9052
9322
9722
9736
9160
9403
9006
9891
9912
9839
9321
9042
9541
9823
9607
9477
9695
9540
9118
9883
9180
9704
9910
9076
9410
9743
9245
9432
9939
9651
9289
9007
9294
9039
9591
9863
9503
9777
9289
9944
9286
9647
9379
9667
9851
9986
9255
9381
9714
9334
9953
9878
9275
9322
9490
9810
9091
9735
9156
9054
9978
9438
9004
9604
9999
9495
9207
9273
9186
9090
9645
9968
9786
9303
9540
9136
9823
9616
9737
9170
9597
9764
9774
9604
9982
9454
9408
9333
9290
9952
9472
9962
9553
9343
9141
9164
9889
9328
9498
9583
9132
9368
9399
9112
9202
9435
9433
9513
9131
9467
9956
9942
9329
9398
9178
9158
9014
9359
9392
9031
9801
9294
9114
9848
9344
9338
9209
9375
9140
9453
9134
9655
9529
9374
9458
9482
9791
9658
9460
9095
9612
9496
9879
9565
9540
9616
9455
9312
9538
9810
9292
9401
9138
9782
9793
9986
9070
9403
9295
9284
9579
9795
9850
9599
9008
9296
9936
9371
9587
9651
9681
9094
9464
9304
9633
9373
9793
9310
9476
9509
9399
9931
9882
9242
9567
9691
9546
9858
9143
9723
9429
9556
9946
9978
9560
9728
9352
9223
9850
9386
9209
9514
9326
9304
9751
9991
9605
9347
9419
9373
9876
9221
9794
9624
9768
9533
9220
9834
9315
9926
9663
9282
9541
9617
9422
9281
9225
9960
9239
9695
9871
9937
9433
9853
9193
9321
9045
9560
9123
9758
9720
9876
9132
9856
9517
9393
9525
9702
9643
9386
9251
9637
9483
9281
9455
9284
9657
9604
9148
9867
9478
9186
9426
9509
9108
9001
9065
9518
9299
9209
9091
9716
9880
9605
9958
9315
9446
9411
9910
9729
9908
9205
9932
9284
9020
9033
9126
9940
9866
9361
9304
9667
9366
9326
9457
9766
9415
9269
9423
9708
9651
9278
9731
9149
9233
9169
9832
9980
9503
9697
9653
9369
9411
9172
9516
9946
9155
9158
9792
9834
9733
9550
9713
9594
9464
9012
9236
9130
9658
9801
9694
9317
9041
9251
9814
9516
9735
9615
9761
9808
9671
9455
9530
9510
9214
9705
9192
9916
9966
9690
9333
9831
9878
9276
9156
9182
9713
9764
9646
9292
9160
9128
9587
9852
9301
9122
9673
9792
9515
9225
9030
9684
9945
9195
9566
9057
9154
9516
9926
9293
9422
9981
9598
9551
9349
9677
9136
9195
9766
9891
9340
9051
9090
9516
9104
9891
9297
9428
9166
9111
9829
9786
9972
9857
9238
9185
9416
9033
9825
9859
9637
9258
9371
9691
9385
9553
9515
9001
9424
9927
9953
9242
9125
9561
9916
9652
9430
9208
9437
9784
9079
9749
9558
9725
9041
9806
9738
9567
9507
9614
9214
9601
9602
9252
9464
9538
9410
9577
9248
9932
9415
9826
9745
9089
9076
9686
9931
9939
9950
9879
9655
9884
9555
9145
9392
9604
9712
9720
9217
9545
9255
9272
9898
9429
9146
9002
9851
9383
9229
9537
9168
9281
9776
9263
9116
9056
9437
9880
9239
9150
9649
9935
9945
9945
9439
9214
9463
9349
9234
9552
9781
9536
9260
9062
9925
9623
9082
9019
9086
9993
9429
9133
9318
9499
9754
9587
9872
9338
9829
9058
9110
9885
9123
9156
9710
9017
9003
9672
9627
9363
9841
9077
9960
9313
9046
9021
9702
9528
9140
9391
9230
9079
9554
9411
9643
9879
9703
9169
9565
9148
9997
9646
9706
9259
9955
9570
9678
9054
9106
9435
9400
9509
9687
9945
9437
9053
9993
9788
9636
9824
9724
9147
9699
9966
9146
9089
9846
9802
9583
9432
9581
9290
9861
9070
9545
9778
9687
9486
9368
9322
9104
9378
9791
9648
9834
9249
9823
9474
9016
9093
9654
9615
9346
9960
9048
9266
9893
9249
9911
9349
9523
9566
9820
9666
9857
9565
9671
9338
9942
9488
9644
9322
9357
9027
9178
9643
9454
9007
9809
9706
9619
9747
9612
9916
9872
9789
9607
9175
9011
9059
9047
9641
9890
9389
9968
9874
9800
9262
9864
9057
9766
9937
9635
9776
9265
9257
9862
9959
9846
9483
9130
9146
9481
9485
9634
9525
9368
9684
9122
9226
9144
9561
9653
9752
9313
9484
9149
9175
9128
9793
9596
9484
9167
9699
9390
9366
9636
9456
9084
9705
9261
9300
9024
9472
9757
9422
9082
9788
9406
9323
9726
9922
9387
9912
9769
9682
9270
9988
9468
9546
9584
9805
9764
9413
9626
9495
9529
9225
9778
9597
9267
9821
9958
9921
9791
9790
9476
9545
9850
9952
9644
9809
9414
9230
9420
9937
9781
9175
9207
9427
9972
9443
9652
9538
9618
9363
9235
9555
9927
9676
9291
9399
9689
9896
9906
9307
9648
9986
9331
9466
9401
9105
9369
9157
9672
9739
9738
9291
9962
9477
9966
9957
9695
9785
9842
9005
9466
9431
9388
9851
9733
9519
9213
9718
9261
9964
9020
9376
9855
9236
9072
9153
9431
9339
9839
9437
9870
9073
9784
9264
9784
9766
9365
9747
9120
9164
9509
9233
9595
9169
9445
9568
9138
9051
9151
9679
9194
9093
9484
9689
9816
9986
9290
9825
9930
9029
9198
9780
9930
9298
9049
9336
9172
9936
9173
9266
9690
9752
9827
9933
9947
9551
9022
9079
9487
9989
9837
9982
9471
9024
9253
9099
9941
9054
9592
9622
9020
9879
9288
9157
9028
9049
9015
9927
9675
9572
9113
9906
9669
9236
9214
9004
9991
9402
9216
9312
9310
9931
9109
9317
9529
9542
9046
9378
9446
9796
9591
9127
9259
9924
9139
9841
9210
9704
9610
9989
9122
9262
9667
9886
9886
9242
9336
9059
9060
9392
9675
9395
9033
9976
9127
9817
9918
9206
9570
9596
9096
9281
9123
9525
9110
9899
9826
9445
9082
9118
9352
9240
9846
9788
9500
9985
9779
9368
9847
9838
9190
9704
9313
9793
9802
9804
9400
9729
9088
9661
9483
9249
9743
9586
9416
9546
9416
9268
9533
9718
9055
9213
9265
9562
9535
9632
9108
9638
9426
9647
9694
9754
9584
9197
9653
9016
9506
9952
9970
9220
9101
9888
9100
9467
9135
9887
9185
9548
9290
9947
9066
9064
9675
9107
9801
9871
9926
9707
9287
9052
9917
9873
9093
9875
9112
9963
9232
9005
9817
9289
9120
9553
9934
9876
9335
9859
9086
9101
9650
9441
9824
9006
9762
9818
9788
9834
9747
9019
9674
9777
9939
9828
9818
9214
9599
9413
9009
9248
9015
9007
9982
9286
9008
9828
9683
9418
9859
9364
9777
9913
9996
9520
9471
9526
9560
9984
9660
9397
9392
9822
9492
9220
9525
9175
9108
9864
9529
9162
9925
9929
9248
9701
9571
9339
9911
9690
9780
9939
9193
9423
9867
9957
9958
9747
9209
9576
9217
9287
9880
9264
9791
9886
9233
9548
9560
9262
9846
9413
9612
9346
9792
9972
9559
9379
9108
9462
9411
9646
9288
9040
9231
9715
9658
9435
9307
9874
9192
9203
9560
9711
9510
9268
9986
9700
9063
9358
9702
9153
9134
9958
9074
9065
9806
9233
9697
9413
9579
9173
9476
9067
9097
9349
9855
9388
9102
9842
9648
9937
9750
9619
9543
9546
9079
9406
9594
9565
9632
9227
9469
9390
9485
9534
9488
9005
9056
9728
9516
9862
9536
9883
9120
9079
9502
9370
9997
9052
9900
9023
9116
9184
9143
9377
9999
9672
9770
9285
9429
9331
9409
9524
9919
9556
9631
9424
9059
9798
9212
9005
9130
9900
9804
9218
9870
9560
9952
9939
9374
9353
9241
9226
9682
9340
10000
9063
9946
9175
9306
9987
9290
9265
9689
9437
9102
9654
9176
9632
9891
9281
9511
9118
9185
9216
9726
9580
9455
9008
9219
9690
9850
9455
9029
9290
9283
9154
9862
9287
9155
9376
9031
9771
9979
9516
9456
9960
9252
9331
9310
9433
9110
9060
9928
9250
9843
9502
9468
9414
9791
9865
9945
9910
9448
9238
9716
9246
9542
9582
9134
9175
9708
9127
9067
9886
9341
9366
9485
9293
9143
9241
9587
9217
9036
9479
9162
9195
9862
9888
9693
9486
9834
9368
9724
9761
9032
9823
9839
9219
9859
9884
9834
9246
9570
9684
9397
9149
9015
9791
9912
9955
9343
9430
9694
9842
9612
9425
9886
9142
9418
9046
9792
9177
9728
9039
9403
9449
9586
9191
9066
9978
9587
9133
9535
9103
9278
9274
9751
9985
9644
9284
9602
9251
9531
9625
9105
9903
9591
9427
9326
9798
9234
9427
9663
9575
9709
9324
9282
9664
9231
9150
9978
9822
9698
9117
9343
9069
9112
9670
9474
9714
9350
9568
9891
9644
9386
9816
9710
9267
9799
9032
9366
9825
9669
9396
9723
9834
9637
9278
9107
9752
9423
9656
9357
9795
9033
9784
9317
9101
9836
9142
9065
9342
9656
9369
9209
9348
9175
9150
9397
9316
9577
9410
9314
9831
9572
9316
9434
9217
9637
9827
9044
9567
9799
9981
9185
9997
9661
9600
9932
9123
9563
9121
9437
9826
9584
9340
9092
9343
9365
9119
9402
9270
9338
9562
9504
9744
9099
9715
9264
9407
9956
9319
9494
9994
9965
9315
9750
9866
9773
9041
9823
9721
9420
9799
9748
9731
9738
9508
9750
9777
9429
9074
9752
9582
9327
9378
9540
9943
9580
9324
9062
9459
9978
9474
9797
9120
9506
9737
9229
9454
9612
9128
9535
9041
9371
9061
9659
9922
9663
9386
9777
9333
9836
9591
9644
9785
9483
9417
9504
9982
9755
9060
9830
9886
9937
9293
9178
9237
9874
9915
9629
9227
9875
9378
9457
9100
9663
9586
9422
9251
9692
9941
9236
9905
9309
9160
9381
9383
9855
9227
9910
9784
9126
9882
9454
9742
9399
9420
9038
9438
9502
9625
9962
9776
9011
9635
9393
9419
9977
9211
9557
9086
9191
9086
9523
9823
9717
9015
9681
9880
9974
9998
9208
9412
9741
9560
9992
9671
9459
9107
9976
9783
9692
9406
9764
9514
9793
9601
9181
9054
9346
9898
9476
9993
9116
9055
9172
9148
9977
9720
9009
9005
9278
9029
9350
9545
9346
9459
9754
9825
9093
9546
9862
9474
9887
9225
9925
9125
9106
9723
9470
9699
9920
9970
9775
9739
9545
9199
9555
9649
9134
9593
9362
9699
9555
9330
9999
9526
9604
9966
9893
9022
9933
9087
9471
9206
9255
9982
9209
9536
9099
9501
9346
9751
9272
9547
9488
9247
9576
9694
9031
9752
9450
9211
9978
9651
9318
9171
9702
9447
9340
9085
9906
9504
9225
9573
9526
9675
9268
9597
9445
9282
9591
9773
9731
9199
9552
9130
9349
9719
9431
9621
9957
9697
9198
9915
9858
9166
9061
9592
9711
9905
9296
9113
9804
9146
9376
9592
9755
9208
9122
9178
9887
9478
9929
9612
9561
9298
9749
9281
9730
9662
9125
9016
9597
9971
9066
9497
9986
9425
9921
9009
9910
9692
9432
9837
9925
9009
9457
9340
9816
9834
9584
9610
9244
9623
9768
9957
9441
9739
9523
9316
9109
9221
9910
9617
9884
9726
9706
9867
9403
9067
9395
9697
9546
9503
9770
9026
9265
9963
9229
9638
9007
9151
9500
9121
9698
9517
9404
9015
9228
9660
9284
9146
9623
9353
9138
9133
9232
9800
9497
9985
9806
9116
9189
9074
9552
9051
9114
9577
9020
9496
9598
9921
9578
9140
9377
9160
9624
9522
9541
9498
9052
9730
9867
9436
9821
9352
9871
9241
9986
9319
9017
9276
9989
9823
9983
9090
9822
9222
9083
9750
9097
9108
9516
9690
9490
9381
9468
9929
9569
9144
9838
9478
9112
9114
9734
9245
9618
9674
9285
9109
9167
9658
9653
9126
9607
9243
9383
9612
9255
9478
9026
9884
9322
9303
9651
9854
9732
9954
9493
9090
9762
9591
9411
9929
9253
9990
9359
9471
9158
9426
9681
9552
9999
9443
9708
9205
9975
9982
9791
9973
9702
9469
9864
9696
9509
9179
9753
9484
9769
9558
9693
9079
9134
9450
9386
9694
9331
9441
9427
9737
9709
9844
9248
9481
9636
9281
9605
9802
9205
9547
9865
9196
9428
9133
9297
9891
9755
9734
9732
9437
9272
9333
9900
9243
9204
9178
9928
9174
9875
9432
9224
9726
9652
9244
9996
9252
9236
9259
9043
9834
9582
9341
9224
9208
9167
9746
9776
9140
9181
9144
9464
9954
9786
9338
9071
9139
9245
9968
9349
9242
9701
9611
9505
9624
9405
9703
9923
9094
9425
9974
9259
9314
9418
9901
9627
9499
9899
9035
9681
9415
9683
9623
9069
9704
9676
9529
9594
9821
9709
9394
9271
9752
9314
9508
9010
9794
9916
9274
9547
9834
9450
9051
9036
9987
9962
9862
9672
9802
9082
9457
9405
9004
9851
9783
9387
9828
9103
9937
9158
9071
9764
9739
9058
9350
9457
9610
9841
9189
9230
9676
9807
9154
9823
9529
9727
9879
9978
9126
9810
9411
9577
9397
9227
9344
9495
9277
9718
9183
9646
9829
9042
9652
9859
9725
9620
9842
9429
9277
9161
9621
9158
9506
9525
9545
9121
9217
9325
9909
9295
9760
9196
9411
9343
9839
9045
9484
9059
9889
9324
9909
9880
9828
9758
9444
9727
9989
9293
9582
9324
9240
9210
9817
9609
9857
9710
9693
9227
9539
9132
9554
9723
9341
9490
9005
9338
9769
9386
9907
9949
9574
9652
9276
9501
9496
9877
9305
9864
9396
9158
9080
9820
9589
9622
9095
9216
9309
9784
9430
9500
9919
9284
9691
9793
9911
9240
9355
9554
9653
9113
9237
9472
9105
9492
9812
9175
9292
9442
9214
9243
9704
9582
9014
9045
9074
9360
9980
9826
9300
9738
9124
9938
9951
9649
9944
9227
9077
9141
9369
9273
9689
9778
9521
9893
9095
9757
9670
9646
9465
9170
9093
9107
9058
9948
9410
9863
9159
9426
9686
9732
9507
9710
9091
9524
9624
9214
9703
10000
9703
9020
9008
9654
9663
9301
9402
9152
9820
9362
9713
9887
9406
9501
9941
9190
9195
9468
9259
9920
9397
9930
9569
9273
9598
9089
9431
9463
9778
9568
9951
9091
9443
9813
9560
9337
9907
9362
9684
9130
9384
9162
9883
9007
9898
9252
9251
9656
9438
9032
9725
9181
9758
9338
9690
9515
9926
9136
9392
9583
9253
9070
9544
9939
9318
9690
9614
9864
9243
9871
9930
9446
9889
9646
9627
9364
9408
9639
9105
9699
9045
9167
9528
9955
9756
9414
9482
9131
9314
9695
9973
9289
9936
9484
9217
9266
9497
9656
9979
9506
9389
9567
9375
9741
9573
9701
9491
9185
9254
9438
9459
9808
9601
9926
9120
9935
9650
9380
9740
9029
9821
9543
9248
9105
9684
9836
9227
9796
9956
9895
9535
9840
9426
9943
9225
9935
9219
9113
9884
9369
9714
9355
9029
9340
9155
9640
9582
9546
9923
9537
9552
9532
9202
9583
9689
9941
9105
9214
9788
9271
9337
9129
9394
9738
9750
9005
9280
9593
9619
9145
9329
9397
9248
9624
9712
9779
9714
9128
9769
9958
9537
9749
9196
9344
9382
9035
9765
9375
9174
9215
9366
9174
9888
9774
9478
9188
9643
9759
9308
9694
9261
9114
9402
9414
9680
9298
9209
9914
9585
9294
9798
9717
9452
9722
9080
9673
9856
9051
9791
9211
9528
9323
9820
9009
9790
9955
9931
9557
9423
9675
9794
9242
9623
9723
9599
9702
9374
9651
9624
9170
9478
9230
9924
9786
9492
9476
9014
9878
9449
9412
9192
