3314
9652
10000
9395
9282
9134
9886
9647
9498
9817
9113
9549
9203
9172
9377
9187
9005
9459
9687
9274
9347
9112
9393
9205
9584
9756
9798
9237
9821
9299
9536
9847
9642
9375
9662
9919
9590
9835
9619
9733
9150
9607
9593
9672
9145
9590
9118
9316
9100
9781
9741
9086
9468
9006
9020
9825
9490
9289
9338
9373
9347
9313
9719
9265
9717
9529
9406
9224
9199
9301
9859
9625
9052
9788
9132
9137
9273
9826
9148
9312
9491
9649
9355
9741
9986
9930
9109
9376
9245
9636
9341
9637
9867
9556
9755
9545
9870
9466
9140
9519
9676
9737
9693
9535
9866
9487
9372
9772
9752
9565
9267
9505
9613
9796
9131
9395
9870
9334
9531
9525
9552
9477
9654
9280
9257
9917
9464
9981
9283
9371
9315
9065
9161
9774
9828
9991
9044
9660
9568
9273
9934
9749
9750
9350
9391
9032
9536
9563
9025
9796
9969
9282
9801
9644
9073
9666
9934
9582
9602
9193
9589
9797
9799
9652
9068
9502
9077
9198
9274
9864
9181
9425
9832
9046
9225
9486
9060
9730
9913
9357
9618
9121
9440
9309
9326
9145
9647
9904
9889
9071
9390
9161
9410
9394
9955
9628
9755
9743
9956
9310
9295
9102
9055
9387
9968
9722
9461
9333
9769
9976
9999
9302
9987
9048
9273
9055
9137
9886
9511
9039
9247
9955
9535
9235
9039
9446
9319
9820
9071
9415
9193
9125
9550
9561
9764
9849
9624
9408
9043
9075
9835
9267
9997
9590
9537
9483
9888
9051
9903
9432
9423
9983
9965
9467
9366
9860
9137
9204
9797
9467
9998
9224
9444
9932
9494
9266
9805
9753
9624
9679
9709
9519
9792
9042
9520
9836
9056
9117
9903
9361
9258
9065
9378
9971
9071
9837
9564
9611
9087
9661
9534
9241
9463
9944
9624
9685
9304
9122
9469
9194
9390
9370
9337
9064
9181
9295
9962
9089
9916
9689
9219
9001
9182
9564
9462
9870
9945
9153
9435
9398
9087
9725
9751
9736
9737
9263
9226
9312
9124
9146
9229
9152
9311
9817
9582
9626
9985
9369
9919
9207
9997
9836
9639
9407
9012
9570
9429
9294
9235
9625
9194
9186
9981
9239
9383
9508
9075
9434
9309
9038
9685
9280
9169
9307
9765
9408
9332
9875
9521
9950
9267
9556
9307
9551
9450
9257
9588
9757
9299
9187
9058
9490
9015
9837
9941
9738
9137
9547
9468
9391
9495
9076
9533
9235
9679
9615
9476
9507
9890
9401
9208
9420
9909
9615
9393
9302
9460
9711
9168
9929
9998
9076
9404
9313
9534
9789
9888
9583
9903
9520
9925
9657
9529
9594
9569
9469
9562
9833
9132
9882
9746
9605
9307
9521
9507
9822
9684
9314
9473
9882
9983
9118
9656
9541
9592
9400
9328
9919
9809
9721
9433
9144
9631
9789
9849
9590
9784
9095
9215
9146
9947
9247
9913
9539
9479
9248
9300
9532
9588
9913
9438
9704
9910
9205
9819
9399
9765
9267
9644
9799
9808
9121
9579
9101
9401
9546
9731
9403
9726
9696
9139
9339
9844
9524
9580
9297
9092
9716
9226
9042
9614
9692
9171
9833
9797
9508
9762
9653
9411
9550
9843
9874
9662
9814
9834
9762
9968
9364
9095
9884
9715
9848
9803
9403
9392
9363
9088
9368
9709
9755
9081
9542
9840
9183
9520
9875
9670
9478
9060
9470
9405
9207
9127
9756
9246
9275
9675
9771
9886
9076
9401
9067
9478
9816
9945
9011
9119
9534
9158
9161
9823
9939
9545
9663
9030
9379
9156
9927
9830
9642
9363
9533
9506
9404
9990
9117
9240
9455
9508
9717
9694
9486
9394
9892
9763
9902
9695
9677
9659
9908
9661
9445
9427
9571
9945
9747
9355
9311
9707
9021
9527
9165
9295
9879
9886
9481
9384
9067
9359
9516
9097
9920
9597
9397
9662
9201
9839
9885
9391
9665
9031
9568
9429
9218
9325
9289
9711
9959
9017
9340
9203
9468
9901
9783
9523
9050
9407
9899
9024
9427
9922
9614
9039
9231
9512
9190
9055
9299
9420
9715
9252
9123
9283
9420
9617
9739
9246
9631
9940
9524
9942
9877
9052
9626
9434
9544
9482
9969
9010
9180
9661
9321
9872
9179
9344
9822
9157
9735
9842
9568
9191
9937
9391
9888
9345
9239
9231
9298
9052
9178
9519
9600
9350
9694
9008
9532
9793
9805
9885
9836
9700
9477
9031
9150
9095
9600
9682
9891
9466
9903
9452
9886
9839
9362
9560
9804
9320
9190
9896
9679
9964
9790
9778
9629
9462
9799
9374
9120
9580
9253
9092
9996
9703
9522
9309
9372
9462
9517
9749
9639
9885
9195
9121
9977
9718
9081
9763
9144
9309
9966
9948
9937
9995
9972
9570
9347
9034
9401
9759
9186
9242
9864
9617
9432
9235
9362
9528
9267
9965
9866
9702
9657
9488
9949
9276
9891
9092
9273
9750
9666
9152
9455
9300
9858
9914
9432
9083
9590
9793
9363
9729
9623
9657
9291
9919
9951
9332
9341
9980
9279
9983
9794
9438
9114
9683
9369
9952
9402
9510
9187
9674
9173
9884
9390
9041
9495
9744
9349
9588
9918
9958
9331
9623
9992
9105
9518
9172
9635
9702
9312
9497
9104
9925
9844
9182
9862
9180
9943
9001
9041
9198
9409
9999
9189
9052
9001
9513
9852
9827
9374
9230
9264
9784
9067
9286
9709
9987
9389
9568
9008
9508
9152
9495
9473
9930
9326
9569
9441
9092
9642
9564
9108
9883
9428
9409
9993
9546
9862
9142
9010
9126
9595
9570
9056
9414
9754
9239
9330
9929
9837
9208
9643
9373
9282
9420
9940
9045
9610
9066
9855
9504
9036
9597
9323
9906
9981
9478
9376
9671
9040
9383
9418
9489
9107
9053
9968
9042
9807
9837
9271
9557
9687
9161
9985
9704
9538
9445
9587
9758
9220
9318
9655
9322
9707
9422
9663
9044
9265
9369
9662
9918
9835
9365
9756
9479
9035
9899
9385
9045
9462
9622
9039
9466
9184
9486
9455
9470
9848
9150
9967
9609
9109
9699
9524
9119
9656
9038
9517
9128
9226
9495
9630
9732
9356
9864
9660
9573
9803
9471
9834
9854
9181
9919
9797
9639
9151
9228
9088
9796
9651
9011
9658
9293
9467
9053
9551
9262
9231
9343
9416
9253
9610
9939
9880
9119
9460
9435
9805
9612
9659
9860
9678
9093
9753
9105
9502
9321
9453
9679
9337
9336
9562
9036
9815
9055
9930
9937
9359
9755
9659
9075
9102
9593
9656
9522
9505
9932
9179
9755
9996
9003
9063
9436
9325
9538
9318
9761
9479
9321
9297
9759
9577
9614
9522
9496
9803
9250
9140
9578
9490
9926
9933
9448
9683
9826
9248
9051
9766
9450
9653
9137
9587
9502
9071
9292
9602
9607
9490
9611
9631
9485
9436
9737
9207
9222
9867
9330
9887
9591
9169
9776
9772
9093
9571
9940
9733
9971
9519
9726
9371
9098
9418
9279
9073
9512
9437
9302
9513
9423
9325
9213
9222
9022
9747
9068
9609
9878
9725
9822
9300
9183
9968
9638
9305
9343
9864
9996
9683
9816
9071
9056
9705
9678
9022
9827
9626
9220
9193
9134
9979
9887
9401
9272
9361
9285
9496
9383
9550
9688
9035
9225
9344
9895
9220
9769
9319
9361
9590
9338
9611
9481
9514
9172
9992
9723
9717
9713
9884
9029
9657
9156
9650
9074
9969
9838
9519
9841
9781
9633
9159
9050
9444
9097
9394
9716
9077
9367
9027
9244
9918
9680
9596
9064
9879
9196
9923
9199
9423
9496
9418
9256
9860
9705
9258
9278
9055
9304
9039
9381
9525
9390
9236
9637
9027
9925
9701
9381
9333
9186
9981
9217
9846
9888
9790
9338
9084
9538
9183
9746
9990
9429
9258
9614
9259
9910
9471
9769
9717
9225
9477
9505
9532
9487
9110
9648
9443
9430
9364
9986
9599
9961
9178
9292
9333
9620
9143
9481
9806
9547
9395
9174
9063
9103
9908
9068
9163
9624
9734
9942
9244
9576
9685
9930
9084
9504
9976
9258
9854
9356
9745
9869
9815
9693
9361
9731
9396
9496
9099
9357
9992
9091
9435
9359
9049
9809
9255
9256
9036
9665
9695
9464
9379
9761
9051
9612
9458
9119
9145
9273
9859
9624
9686
9794
9150
9519
9483
9170
9425
9554
9772
9778
9155
9172
9189
9341
9542
9107
9673
9490
9789
9826
9273
9870
9004
9715
9942
9761
9287
9778
9508
9258
9971
9178
9754
9464
9854
9464
9124
9036
9375
9043
9605
9849
9624
9566
9677
9268
9851
9297
9173
9618
9799
9934
9748
9875
9839
9442
9029
9106
9875
9610
9373
9809
9901
9721
9205
9916
9969
9015
9658
9480
9360
9607
9980
9455
9964
9535
9516
9556
9161
9636
9635
9057
9432
9945
9635
9735
9371
9562
9314
9901
9841
9991
9251
9317
9572
9802
9673
9778
9836
9020
9093
9793
9976
9563
9035
9851
9696
9329
9128
9249
9264
9643
9396
9209
9840
9494
9688
9767
9289
9827
9210
9988
9529
9494
9478
9275
9553
9768
9909
9707
9057
9843
9638
9988
9399
9825
9732
9034
9298
9131
9307
9539
9382
9356
9703
9358
9617
9733
9894
9828
9960
9053
9048
9225
9216
9555
9318
9215
9602
9356
9564
9630
9760
9097
9276
9648
9078
9227
9622
9255
9321
9526
9952
9894
9697
9233
9972
9199
9160
9566
9524
9435
9791
9475
9629
9033
9039
9967
9680
9506
9731
9569
9163
9568
9658
9674
9372
9605
9405
9370
9699
9493
9603
9465
9671
9936
9781
9435
9783
9189
9154
9269
9136
9222
9921
9818
9847
9917
9218
9985
9262
9019
9418
9308
9418
9557
9225
9711
9458
9706
9650
9057
9001
9770
9438
9028
9025
9959
9791
9074
9857
9538
9614
9104
9775
9553
9848
9426
9047
9287
9619
9985
9925
9947
9394
9720
9278
9329
9570
9358
9497
9629
9251
9257
9261
9922
9608
9864
9763
9743
9814
9165
9126
9741
9319
9672
9196
9404
9494
9972
9576
9535
9607
9798
9069
9614
9903
9849
9334
9996
9444
9062
9247
9421
9600
9398
9832
9113
9253
9670
9750
9448
9929
9527
9585
9130
9385
9840
9303
9414
9955
9622
9852
9378
9316
9081
9943
9834
9819
9453
9899
9382
9927
9226
9454
9730
9872
9793
9278
9785
9184
9497
9841
9439
9437
9759
9628
9218
9914
9269
9494
9714
9940
9264
9059
9523
9209
9236
9310
9728
9197
9380
9476
9413
9729
9939
9913
9620
9301
9169
9813
9403
9441
9578
9377
9222
9347
9747
9379
9254
9508
9024
9271
9626
9310
9641
9813
9794
9550
9775
9320
9313
9334
9872
9270
9543
9816
9878
9240
9883
9993
9088
9543
9017
9985
9935
9322
9400
9528
9002
9921
9670
9224
9705
9102
9485
9905
9683
9037
9034
9421
9359
9875
9066
9625
9590
9637
9763
9027
9709
9691
9419
9824
9541
9034
9461
9228
9044
9623
9872
9626
9576
9785
9374
9373
9171
9898
9621
9345
9349
9944
9408
9359
9376
9953
9716
9963
9682
9117
9143
9539
9705
9298
9728
9046
9783
9234
9702
9446
9139
9138
9583
9308
9075
9046
9509
9451
9288
9333
9229
9160
9134
9095
9432
9103
9721
9870
9296
9630
9058
9564
9951
9396
9974
9732
9644
9604
9823
9143
9478
9895
9110
9508
9862
9358
9583
9256
9729
9103
9722
9944
9064
9113
9070
9046
9276
9248
9334
9324
9411
9902
9625
9387
9339
9749
9937
9250
9596
9486
9565
9753
9106
9411
9803
9991
9787
9951
9163
9140
9251
9631
9095
9884
9377
9994
9946
9617
9106
9943
9729
9723
9376
9619
9098
9507
9314
9399
9099
9646
9366
9899
9658
9180
9634
9317
9779
9024
9475
9852
9342
9731
9161
9661
9217
9802
9540
9243
9510
9119
9047
9992
9745
9756
9647
9207
9432
9999
9878
9176
9790
9810
9642
9370
9779
9208
9891
9539
9958
9967
9183
9854
9012
9006
9296
9524
9693
9208
9872
9097
9467
9948
9209
9735
9901
9192
9015
9603
9366
9273
9244
9335
9068
9218
9530
9579
9005
9151
9820
9175
9114
9627
9600
9188
9518
9213
9537
9656
9337
9500
9044
9264
9255
9884
9477
9077
9505
9275
9881
9965
9353
9242
9320
9927
9151
9495
9367
9783
9270
9719
9393
9504
9074
9591
9266
9739
9849
9832
9284
9462
9221
9387
9156
9786
9630
9748
9631
9582
9955
9155
9710
9344
9207
9350
9497
9034
9653
9835
9539
9719
9124
9543
9736
9847
9894
9630
9961
9920
9910
9537
9885
9421
9019
9545
9578
9802
9993
9263
9122
9792
9619
9010
9412
9007
9981
9396
9098
9040
9054
9161
9021
9808
9551
9501
9951
9902
9509
9122
9689
9194
9170
9818
9822
9841
9756
9674
9487
9061
9117
9537
9071
9479
9576
9436
9228
9079
9101
9143
9925
9696
9885
9329
9740
9660
9657
9840
9458
9937
9085
9421
9346
9139
9137
9390
9568
9416
9200
9414
9131
9612
9595
9487
9850
9864
9749
9568
9419
9597
9284
9343
9030
9336
9816
9127
9546
9803
9770
9038
9777
9548
9630
9161
9145
9008
9740
9436
9355
9214
9036
9186
9947
9922
9497
9043
9969
9486
9654
9591
9339
9518
9441
9501
9355
9550
9289
9623
9253
9417
9729
9793
9612
9752
9476
9494
9732
9283
9296
9760
9443
9844
9619
9403
9487
9955
9975
9921
9380
9347
9412
9274
9285
9723
9716
9731
9163
9599
9581
9659
9960
9863
9034
9789
9511
9764
9400
9288
9566
9242
9162
9843
9833
9275
9155
9835
9239
9539
9514
9181
9587
9785
9010
9042
9543
9289
9195
9582
9870
9949
9364
9469
9603
9822
9180
9857
9758
9701
9628
9693
9326
9959
9455
9895
9499
9046
9450
9006
9879
9333
9814
9488
9961
9759
9155
9827
9441
9956
9084
9954
9439
9710
9079
9119
9265
9285
9648
9330
9403
9212
9116
9185
9344
9876
9011
9197
9497
9126
9843
9680
9507
9870
9896
9127
9011
9145
9533
9551
9517
9843
9547
9975
9754
9306
9647
9969
9513
9756
9653
9773
9921
9744
9067
9878
9976
9516
9497
9972
9546
9978
9282
9500
9812
9140
9287
9869
9861
9529
9464
9113
9445
9596
9001
9136
9529
9086
9079
9477
9133
9325
9079
9017
9399
9475
9229
9659
9192
9309
9184
9686
9416
9568
9608
9182
9787
9681
9629
9008
9127
9239
9202
9748
10000
9666
9963
9464
9212
9890
9240
9688
9820
9267
9683
9156
9647
9747
9195
9841
9437
9977
9590
9693
9617
9143
9173
9532
9753
9780
9762
9538
9834
9978
9609
9183
9639
9022
9733
9816
9427
9861
9261
9419
9924
9574
9065
9080
9402
9480
9463
9989
9855
9894
9331
9707
9294
9678
9034
9979
9018
9230
9862
9924
9029
9068
9391
9878
9846
9743
9933
9924
9994
9647
9349
9171
9857
9242
9700
9646
9416
9140
9093
9182
9955
9718
9581
9699
9124
9285
9293
9829
9897
9694
9054
9656
9104
9713
9421
9439
9804
9385
9184
9306
9909
9416
9791
9465
9819
9987
9585
9254
9850
9956
9644
9212
9347
9265
9227
9905
9443
9949
9593
9368
9737
9164
9156
9106
9231
9776
9771
9677
9530
9443
9091
9774
9479
9312
9699
9081
9049
9474
9974
9727
9025
9354
9135
9187
9381
9563
9358
9015
9640
9172
9369
9771
9411
9408
9990
9533
9216
9731
9958
9384
9071
9135
9967
9118
9041
9793
9791
9757
9290
9464
9072
9060
9034
9960
9970
9104
9389
9875
9246
9753
9649
9917
9725
9434
9816
9842
9127
9627
9282
9218
9687
9901
9507
9646
9872
9672
9990
9421
9517
9284
9873
9623
9228
9965
9910
9021
9442
9165
9090
9455
9226
9267
9080
9850
9305
9152
9940
9692
9663
9555
9737
9305
9142
9933
9938
9881
9064
9854
9090
9767
9586
9817
9087
9682
9645
9876
9159
9636
9664
9812
9804
9104
9846
9887
9132
9489
9120
9813
9176
9368
9841
9182
9290
9432
9276
9898
9270
9024
9417
9838
9206
9375
9176
9539
9586
9245
9196
9011
9132
9184
9382
9806
9542
9924
9328
9697
9203
9010
9756
9467
9551
9485
9522
9996
9221
9005
9573
9222
9585
9063
9590
9113
9600
9494
9782
9480
9926
9749
9930
9402
9051
9473
9748
9501
9338
9310
9024
9124
9387
9423
9373
9319
9511
9614
9456
9589
9036
9793
9401
9668
9817
9227
9919
9594
9068
9319
9599
9818
9073
9154
9059
9224
9225
9330
9274
9441
9272
9848
9802
9678
9289
9629
9979
9223
9035
9987
9575
9613
9371
9215
9413
9547
9143
9655
9462
9760
9119
9935
9107
9755
9867
9038
9863
9585
9536
9507
9986
9707
9270
9641
9022
9095
9439
9601
9743
9719
9778
9324
9095
9276
9521
9359
9394
9973
9461
9106
9923
9712
9567
9757
9302
9495
9690
9818
9309
9933
9787
9744
9885
9126
9468
9829
9083
9555
9439
9230
9322
9022
9251
9979
9368
9063
9293
9925
9957
9814
9869
9315
9551
9837
9274
9779
9280
9097
9640
9894
9799
9546
9033
9535
9385
10000
9346
9718
9961
9379
9765
9816
9633
9048
9875
9732
9615
9808
9951
9515
9421
9326
9430
9136
9483
9455
9394
9553
9555
9532
9633
9961
9577
9325
9684
9904
9975
9733
9250
9736
9028
9226
9700
9598
9827
9270
9364
9959
9353
9972
9934
9612
9102
9707
9008
9886
9001
9794
9759
9528
9363
9262
9642
9559
9306
9168
9510
9927
9281
9810
9079
9971
9682
9972
9839
9967
9034
9567
9434
9847
9923
9270
9144
9973
9660
9022
9561
9709
9954
9545
9990
9963
9383
9926
9860
9106
9880
9053
9367
9088
9932
9354
9789
9495
9248
9174
9388
9115
9783
9550
9190
9052
9982
9389
9974
9263
9611
9192
9033
9683
9859
9976
9698
9056
9703
9341
9877
9739
9395
9792
9340
9283
9042
9619
9754
9308
9926
9596
9629
9484
9899
9210
9591
9071
9743
9705
9413
9669
9306
9121
9346
9385
9018
9081
9954
9451
9180
9525
9029
9406
9177
9864
9669
9306
9289
9637
9156
9846
9959
9667
9221
9518
9133
9906
9902
9343
9007
9314
9879
9079
9896
9493
9856
9066
9082
9669
9624
9295
9543
9588
9113
9304
9197
9376
9144
9799
9065
9411
9359
9089
9015
9531
9412
9925
9856
9736
9391
9196
9515
9618
9382
9608
9303
9580
9683
9025
9489
9488
9061
9532
9517
9707
9480
9968
9908
9005
9218
9100
9961
9489
9681
9323
9856
9606
9754
9138
9764
9944
9047
9955
9548
9965
9800
9283
9675
9240
9908
9978
9923
9951
9001
9563
9501
9507
9759
9194
9086
9208
9284
9692
9109
9212
9110
9775
9114
9777
9971
9410
9036
9237
9851
9650
9961
9469
9850
9433
9530
9256
9180
9494
9686
9080
9186
9183
9266
9751
9674
9370
9640
9452
9034
9387
9196
9985
9128
9656
9994
9158
9127
9471
9784
9982
9581
9436
9838
9264
9209
9196
9412
9217
9285
9181
9565
9689
9181
9497
9047
9607
9435
9455
9925
9370
9309
9712
9663
9695
9355
9165
9223
9643
9512
9266
9447
9504
9479
9527
9985
9152
9749
9431
9685
9947
9825
9026
9783
9881
9849
9953
9834
9299
9619
9423
9103
9304
9796
9221
9996
9718
9113
9779
9184
9649
9776
9467
9198
9167
9527
9004
9368
9708
9988
9682
9170
9122
9771
9414
9814
9058
9182
9129
9220
9332
9133
9165
9611
9124
9700
9575
9383
9094
9778
9406
9838
9159
9974
9546
9842
9658
9917
9573
9428
9190
9660
9314
9230
9936
9635
9710
9241
9960
9848
9964
9218
9775
9756
9582
9753
9645
9067
9454
9088
9338
9007
9919
9244
9798
9518
9102
9301
9737
9516
9730
9012
9637
9062
9708
9586
9694
9011
9358
9904
9191
9158
9303
9972
9214
9721
9747
9208
9181
9558
9268
9621
9008
9500
9750
9972
9846
9078
9402
9998
9922
9133
9176
9401
9654
9454
9988
9009
9719
9184
9755
9091
9324
9584
9649
9515
9515
9120
9473
9893
9698
9369
9327
9432
9030
9485
9903
9197
9343
9190
9219
9099
9873
9059
9348
9197
9241
9528
9641
9740
9342
9557
9829
9065
9379
9529
9413
9244
9504
9492
9607
9029
9044
9510
9852
9318
9390
9502
9078
9290
9413
9284
9205
9490
9211
9672
9664
9658
9755
9631
9727
9451
9941
9015
9138
9364
9150
9659
9689
9772
9891
9891
9901
9710
9158
9920
9352
9282
9130
9032
9506
9398
9967
9708
9305
9583
9255
9986
9546
9776
9678
9498
9469
9698
9142
9644
9668
9544
9750
9216
9165
9992
9063
9874
9566
9388
9155
9978
9579
9694
9196
9459
9596
9819
9172
9058
9066
9921
