3431
9358
9272
9647
9377
9415
9776
9804
9023
9086
9428
9061
9477
9987
9573
9793
9668
9804
9512
9381
9024
9142
9475
9045
9929
9766
9560
9226
9855
9785
9589
9023
9135
9088
9958
9378
9449
9342
9241
9670
9227
9319
9749
9440
9602
9678
9055
9384
9307
9129
9333
9413
9928
9761
9032
9761
9447
9335
9166
9930
9319
9186
9546
9242
9497
9177
9772
9543
9816
9695
9403
9386
9001
9126
9629
9799
9621
9648
9158
9542
9132
9886
9202
9109
9256
9180
9415
9764
9024
9813
9651
9488
9386
9964
9840
9762
9249
9377
9306
9255
9071
9739
9370
9193
9261
9289
9267
9782
9856
9423
9667
9481
9434
9303
9555
9037
9953
9105
9333
9097
9870
9452
9476
9176
9748
9030
9382
9087
9207
9916
9732
9281
9672
9582
9332
9876
9789
9442
9190
9604
9143
9943
9378
9451
9649
9464
9496
9410
9748
9686
9689
9959
9154
9852
9047
9293
9835
9502
9444
9605
9831
9806
9505
9363
9369
9850
9828
9495
9389
9399
9167
9516
9946
9362
9508
9912
9441
9427
9646
9081
9677
9227
9456
9571
9836
9782
9878
9905
9595
9815
9841
9053
9672
9375
9801
9608
9450
9396
9074
9419
9240
9589
9154
9513
9013
9927
9669
9509
9236
9076
9073
9539
9376
9771
9468
9958
9291
9288
9250
9011
9789
9799
9856
9978
9206
9725
9073
9236
9941
9305
9453
9842
9012
9195
9846
9751
9692
9780
9936
9656
9378
9103
9303
9369
9960
9637
9334
9396
9176
9838
9938
9211
9374
9811
9519
9365
9209
9620
9903
9071
9961
9241
9614
9939
9809
9652
9505
9733
9202
9436
9663
9038
9087
9131
9594
9873
9820
9372
9641
9285
9959
9801
9854
9652
9908
9162
9632
9635
9800
9007
9100
9447
9111
9429
9537
9005
9895
9224
9885
9434
9235
9161
9461
9799
9954
9579
9901
9683
9293
9575
9961
9644
9795
9463
9144
9665
9702
9338
9579
9630
9873
9770
9168
9749
9478
9523
9845
9091
9359
9526
9673
9529
9359
9423
9621
9612
9575
9720
9757
9000
9121
9197
9604
9593
9090
9947
9549
9293
9507
9521
9535
9365
9054
9011
9304
9434
9847
9473
9133
9613
9359
9256
9036
9093
9656
9686
9730
9759
9322
9045
9123
9135
9619
9184
9945
9450
9523
9373
9085
9686
9085
9705
9712
9404
9349
9165
9907
9969
9164
9750
9764
9224
9829
9953
9217
9505
9142
9759
9403
9812
9120
9202
9505
9396
9648
9441
9596
9280
9122
9368
9906
9734
9845
9645
9188
9127
9648
9158
9704
9257
9084
9684
9731
9381
9647
9777
9214
9218
9297
9917
9168
9735
9946
9769
9448
9998
9078
9171
9210
9873
9539
9051
9880
9736
9132
9372
9231
9483
9939
9882
9141
9249
9414
9534
9657
9446
9762
9041
9245
9191
9373
9275
9411
9291
9591
9117
9592
9489
9276
9303
9907
9441
9669
9577
9074
9144
9898
9961
9161
9822
9755
9932
9469
9941
9028
9072
9976
9925
9236
9964
9182
9166
9077
9729
9964
9063
9353
9898
9287
9801
9579
9062
9302
9865
9335
9459
9784
9155
9120
9414
9467
9784
9948
9935
9940
9840
9277
9532
9817
9817
9618
9069
9511
9619
9301
9685
9710
9292
9925
9428
9510
9299
9293
9560
9514
9404
9792
9989
9091
9114
9651
9968
9934
9121
9443
9814
9706
9166
9648
9325
9460
9154
9191
9503
9113
9444
9635
9781
9734
9209
9865
9956
9839
9168
9455
9272
9335
9209
9372
9720
9966
9175
9785
9067
9874
9246
9184
9892
9605
9000
9784
9968
9962
9230
9728
9804
9061
9058
9687
9818
9921
9706
9495
9875
9191
9190
9151
9872
9589
9347
9763
9287
9463
9938
9105
9616
9790
9719
9265
9822
9430
9035
9670
9594
9178
9614
9897
9976
9537
9301
9482
9632
9849
9212
9660
9703
9917
9838
9325
9618
9823
9930
9307
9396
9072
9751
9671
9741
9696
9821
9861
9430
9843
9274
9395
9307
9145
9883
9350
9324
9866
9493
9364
9865
9675
9683
9243
9433
9308
9216
9876
9349
9516
9870
9705
9521
9984
9511
9183
9275
9930
9619
9173
9161
9964
9389
9841
9646
9606
9786
9570
9536
9160
9753
9219
9701
9849
9062
9963
9603
9729
9069
9993
9116
9204
9588
9789
9305
9244
9872
9443
9662
9928
9883
9155
9126
9634
9678
9028
9515
9294
9207
9867
9376
9299
9985
9325
9700
9694
9372
9818
9282
9634
9497
9001
9684
9731
9056
9966
9737
9126
9776
9629
9216
9873
9816
9766
9118
9168
9771
9656
9185
9974
9245
9545
9562
9914
9671
9957
9464
9944
9496
9086
9900
9960
9175
9277
9257
9707
9291
9288
9884
9681
9851
9042
9486
9617
9272
9931
9978
9875
9547
9687
9503
9409
9554
9224
9522
9547
9103
9741
9877
9979
9749
9579
9173
9922
9643
9407
9178
9550
9030
9609
9117
9945
9324
9417
9538
9046
9418
9530
9271
9633
9083
9900
9692
9015
9461
9228
9581
9783
9917
9169
9012
9403
9804
9063
9099
9716
9937
9128
9181
9895
9374
9125
9910
9684
9756
9542
9199
9047
9204
9316
9198
9087
9542
9352
9630
9708
9322
9887
9156
9864
9046
9976
9043
9323
9320
9848
9142
9897
9235
9121
9670
9186
9125
9392
9725
9953
9471
9602
9593
9223
9875
9074
9066
9327
9735
9508
9025
9974
9301
9402
9275
9978
9962
9429
9782
9643
9836
9244
9818
9607
9645
9342
9182
9325
9916
9863
9795
9690
9487
9333
9568
9481
9534
9323
9010
9106
9346
9820
9374
9660
9600
9378
9167
9525
9014
9582
9389
9748
9761
9768
9993
9419
9620
9751
9574
9135
9438
9597
9402
9327
9806
9963
9859
9088
9018
9589
9939
9464
9402
9963
9809
9474
9748
9935
9782
9185
9260
9348
9383
9899
9425
9461
9038
9512
9379
9601
9671
9816
9551
9156
9160
9086
9432
9168
9256
9748
9846
9380
9521
9031
9265
9132
9382
9204
9767
9603
9635
9529
9252
9643
9763
9319
9758
9446
9728
9188
9136
9081
9278
9419
9439
9975
9555
9117
9802
9359
9014
9170
9635
9756
9068
9159
9401
9991
9459
9547
9469
9945
9133
9799
9807
9885
9986
9315
9932
9991
9398
9842
9638
9207
9147
9180
9855
9921
9603
9516
9024
9752
9029
9316
9274
9821
9422
9522
9826
9534
9723
9404
9095
9450
9927
9539
9581
9733
9865
9256
9324
9003
9456
9566
9668
9371
9421
9208
9039
9755
9623
9908
9012
9014
9845
9936
9832
9289
9887
9033
9090
9161
9105
9982
9335
9034
9615
9450
9402
9257
9743
9513
9121
9365
9700
9160
9713
9501
9169
9486
9144
9648
9705
9347
9590
9810
9118
9127
9167
9274
9881
9131
9508
9515
9212
9929
9064
9914
9289
9326
9571
9474
9244
9690
9927
9750
9442
9856
9880
9658
9844
9256
9512
9413
9261
9153
9110
9646
9616
9695
9104
9104
9886
9978
9675
9413
9365
9992
9496
9293
9707
9736
9589
9223
9327
9769
9485
9446
9647
9935
9849
9175
9963
9457
9115
9731
9346
9716
9329
9471
9929
9101
9222
9134
9705
9628
9454
9672
9800
9073
9380
9617
9995
9047
9662
9806
9386
9492
9572
9970
9112
9543
9006
9087
9573
9675
9510
9307
9867
9885
9652
9805
9782
9807
9726
9480
9280
9253
9742
9876
9762
9636
9460
9800
9245
9241
9386
9675
9844
9310
9754
9976
9273
9807
9892
9220
9857
9402
9933
9289
9727
9222
9938
9081
9263
9660
9893
9107
9508
9293
9064
9697
9345
9872
9143
9443
9331
9122
9908
9142
9816
9126
9904
9316
9500
9097
9619
9388
9874
9552
9965
9144
9997
9487
9242
9794
9983
9876
9278
9163
9674
9924
9998
9877
9778
9448
9342
9278
9050
9651
9900
9735
9574
9794
9712
9262
9165
9675
9875
9365
9473
9603
9179
9828
9054
9508
9905
9622
9789
9824
9104
9214
9203
9258
9864
9537
9555
9252
9362
9873
9974
9019
9503
9477
9689
9837
9047
9952
9112
9131
9941
9101
9434
9848
9897
9148
9640
9292
9075
9139
9484
9340
9349
9180
9569
9830
9913
9254
9973
9821
9696
9700
9780
9650
9912
9846
9956
9256
9421
9146
9016
9784
9856
9637
9306
9155
9608
9864
9417
9932
9156
9774
9315
9776
9064
9752
9492
9786
9210
9752
9604
9384
9178
9790
9934
9421
9235
9881
9512
9769
9859
9370
9907
9745
9350
9371
9609
9518
9427
9685
9909
9273
9357
9518
9424
9355
9286
9365
9061
9075
9590
9561
9036
9604
9258
9532
9491
9548
9336
9082
9172
9247
9722
9811
9239
9623
9636
9081
9473
9487
9475
9910
9317
9527
9984
9272
9910
9899
9045
9703
9584
9265
9401
9774
9226
9455
9190
9831
9151
9862
9482
9414
9874
9260
9484
9578
9367
9246
9725
9953
9010
9635
9849
9254
9895
9356
9663
9588
9643
9400
9590
9479
9207
9185
9999
9024
9228
9396
9394
9134
9773
9004
9092
9551
9267
9703
9153
9081
9399
9293
9129
9779
9931
9394
9005
9109
9760
9307
9190
9174
9232
9766
9811
9374
9254
9480
9005
9671
9955
9178
9684
9279
9634
9708
9988
9337
9923
9574
9479
9316
9097
9004
9487
9645
9716
9634
9247
9222
9750
9966
9823
9134
9830
9230
9607
9618
9963
9245
9832
9444
9856
9903
9335
9769
9712
9975
9941
9783
9976
9110
9255
9514
9989
9011
9461
9104
9789
9628
9391
9641
9098
9943
9284
9851
9797
9025
9620
9248
9875
9315
9098
9248
9911
9631
9732
9533
9846
9040
9842
9142
9702
9402
9659
9353
9366
9011
9674
9158
9626
9353
9529
9104
9353
9121
9444
9570
9016
9023
9090
9788
9481
9464
9022
9451
9761
9818
9020
9221
9732
9472
9586
9332
9672
9582
9451
9183
9864
9490
9514
9950
9741
9787
9606
9717
9478
9133
9452
9610
9905
9392
9014
9639
9714
9461
9984
9727
9615
9442
9182
9322
9294
9831
9789
9806
9745
9251
9790
9560
9574
9838
9818
9645
9722
9480
9649
9231
9549
9737
9096
9213
9429
9870
9755
9460
9614
9259
9365
9980
9407
9940
9469
9513
9067
9346
9134
9931
9770
9654
9585
9287
9756
9457
9352
9153
9314
9449
9142
9149
9998
9724
9170
9728
9246
9579
9876
9404
9567
9854
9799
9932
9228
9761
9475
9321
9272
9962
9865
9151
9174
9198
9614
9224
9861
9127
9225
9367
9718
9265
9322
9783
9457
9435
9466
9894
9106
9444
9577
9664
9477
9592
9198
9041
9305
9481
9572
9109
9222
9780
9974
9726
9167
9883
9234
9041
9652
9627
9018
9954
9401
9441
9515
9466
9869
9575
9655
9432
9025
9301
9346
9269
9955
9448
9446
9608
9166
9877
9990
9935
9792
9368
9218
9260
9578
9015
9777
9496
9605
9805
9163
9726
9464
9299
9087
9246
9529
9515
9751
9056
9683
9428
9964
9780
9202
9606
9265
9752
9089
9327
9007
9991
9625
9865
9188
9037
9987
9272
9089
9556
9163
9869
9128
9398
9468
9674
9555
9918
9299
9961
9346
9012
9402
9083
9182
9622
9126
9363
9776
9500
9661
9886
9955
9666
9841
9181
9470
9037
9069
9157
9214
9170
9323
9451
9865
9451
9771
9724
9977
9751
9802
9371
9828
9332
9323
9113
9476
9759
9635
9492
9080
9541
9636
9464
9414
9659
9150
9354
9357
9253
9613
9339
9648
9831
9486
9168
9392
9980
9671
9941
9278
9094
9694
9972
9423
9871
9346
9834
9991
9218
9473
9881
9573
9636
9740
9519
9842
9470
9457
9414
9046
9185
9773
9931
9710
9838
9498
9468
9099
9043
9145
9923
9530
9493
9573
9650
9165
9360
9878
9673
9087
9129
9461
9756
9755
9950
9622
9804
9994
9691
9757
9016
9969
9194
9140
9046
9326
9641
9835
9677
9901
9603
9508
9657
9504
9568
9537
9341
9175
9365
9152
9618
9179
9379
9470
9899
9130
9336
9969
9206
9245
9204
9234
9437
9303
9363
9044
9951
9888
9842
9453
9409
9664
9750
9619
9605
9365
9678
9052
9407
9485
9927
9501
9903
9126
9014
9014
9743
9603
9581
9303
9701
9279
9291
9325
9618
9282
9368
9110
9751
9923
9785
9244
9796
9126
9874
9896
9471
9796
9646
9933
9192
9821
9814
9453
9429
9703
9779
9036
9667
9908
9690
9046
9148
9865
9389
9857
9025
9611
9759
9971
9327
9421
9322
9265
9277
9845
9689
9498
9964
9779
9950
9530
9078
9820
9257
9632
9882
9508
9259
9174
9971
9472
9662
9155
9762
9659
9749
9551
9632
9949
9590
9845
9801
9843
9733
9208
9088
9803
9341
9947
9050
9849
9251
9394
9520
9955
9420
9765
9285
9015
9815
9876
9298
9535
9442
9994
9739
9975
9744
9791
9920
9181
9937
9901
9210
9806
9065
9944
9245
9532
9488
9806
9002
9980
9133
9667
9103
9593
9823
9853
9783
9197
9797
9560
9407
9886
9148
9550
9336
9167
9990
9822
9554
9063
9745
9459
9901
9962
9224
9580
9776
9699
9365
9834
9688
9654
9155
9137
9045
9861
9324
9817
9156
9447
9213
9952
9715
9125
9773
9065
9027
9496
9251
9907
9142
9571
9568
9771
9385
9864
9891
9818
9175
9400
9911
9905
9010
9289
9464
9746
9243
9519
9304
9433
9333
9075
9177
9367
9239
9337
9716
9948
9848
9923
9296
9144
9384
9199
9682
9723
9268
9813
9543
9284
9731
9296
9643
9639
9039
9894
9647
9964
9105
9779
9535
9012
9139
9022
9201
9712
9289
9573
9144
9903
9786
9520
9122
9144
9464
9150
9383
9942
9088
9721
9800
9089
9125
9081
9107
9691
9560
9659
9380
9779
9099
9788
9273
9873
9890
9025
9679
9459
9350
9045
9760
9615
9076
9349
9448
9077
9464
9574
9197
9348
9382
9626
9154
9412
9725
9827
9565
9589
9323
9413
9849
9079
9822
9730
9805
9131
9669
9052
9738
9188
9293
9552
9947
9669
9544
9086
9707
9609
9553
9171
9855
9087
9162
9121
9348
9132
9966
9157
9750
9623
9910
9465
9863
9956
9489
9048
9999
9694
9465
9404
9423
9168
9477
9171
9823
9593
9368
9281
9205
9261
9045
9044
9416
9497
9845
9467
9425
9544
9733
9516
9488
9089
9602
9928
9185
9474
9011
9475
9631
9255
9473
9286
9371
9693
9303
9429
9486
9915
9820
9468
9202
9117
9967
9911
9344
9622
9422
9176
9976
9699
9285
9246
9164
9738
9240
9630
9962
9721
9347
9895
9657
9090
9832
9896
9782
9409
9295
9533
9032
9812
9598
9072
9011
9171
9646
9332
9308
9909
9773
9127
9536
9277
9102
9569
9855
9845
9731
9089
9279
9240
9413
9277
9863
9506
9359
9178
9402
9351
9507
9971
9278
9347
9048
9120
9744
9220
9295
9227
9012
9927
9319
9843
9581
9325
9727
9508
9806
9327
9030
9481
9579
9966
9285
9030
9878
9710
9695
9968
9481
9353
9975
9839
9537
9414
9517
9181
9746
9058
9141
9625
9414
9203
9304
9624
9109
9639
9524
9255
9321
9381
9210
9908
9571
9567
9871
9223
9354
9389
9283
9677
9762
9998
9821
9449
9754
9559
9371
9139
9027
9406
9886
9177
9911
9510
9009
9622
9771
9652
9012
9684
9813
9593
9206
9848
9503
9258
9213
9606
9972
9191
9398
9766
9764
9720
9253
9394
9830
9428
9991
9500
9870
9710
9578
9542
9505
9327
9731
9862
9296
9240
9811
9502
9516
9697
9461
9657
9333
9315
9047
9070
9965
9377
9062
9814
9110
9599
9070
9955
9387
9602
9006
9892
9458
9074
9401
9485
9370
9244
9665
9570
9256
9736
9866
9500
9582
9573
9590
9237
9531
9751
9598
9169
9433
9458
9725
9006
9726
9340
9388
9715
9074
9719
9373
9988
9674
9652
9534
9222
9974
9283
9837
9651
9339
9204
9294
10000
9529
9855
9922
9394
9283
9014
9677
9585
9167
9653
9210
9501
9499
9774
9080
9919
9522
9207
9134
9707
9022
9394
9853
9653
9779
9094
9796
9073
9901
9208
9674
9485
9337
9263
9646
9878
9649
9168
9668
9666
9950
9365
9328
9536
9372
9981
9689
9882
9033
9492
9855
9764
9275
9259
9187
9817
9285
9536
9867
9289
9405
9036
9762
9795
9573
9198
9185
9650
9605
9570
9196
9311
9232
9336
9535
9930
9096
9981
9689
9688
9418
9673
9508
9852
9166
9881
9986
9533
9536
9310
9348
9181
9093
9454
9567
9078
9407
9568
9200
9137
9159
9749
9148
9012
9425
9267
9610
9368
9796
9478
9529
9626
10000
9655
9277
9419
9009
9200
9168
9198
9012
9512
9399
9290
9991
9694
9779
9393
9208
9824
9524
9924
9934
9631
9792
9110
9778
9423
9696
9045
9968
9887
9642
9218
9665
9528
9868
9547
9056
9881
9167
9324
9874
9962
9314
9829
9176
9992
9158
9706
9850
9564
9726
9037
9847
9711
9240
9834
9069
9241
9826
9559
9132
9474
9059
9135
9893
9502
9202
9769
9534
9573
9277
9424
9978
9434
9005
9722
9174
9234
9295
9728
9962
9282
9381
9002
9880
9884
9927
9548
9207
9689
9952
9975
9561
9711
9431
9860
9418
9821
9496
9881
9793
9678
9958
9397
9042
9721
9525
9305
9943
9636
9011
9318
9363
9788
9595
9554
9719
9030
9914
9677
9318
9686
9580
9909
9035
9088
9729
9503
9780
9202
9850
9352
9385
9849
9917
9137
9973
9287
9477
9548
9214
9492
9356
9254
9759
9618
9749
9725
9662
9611
9597
9728
9691
9822
9862
9283
9708
9434
9098
9264
9940
9514
9349
9800
9237
9939
9320
9669
9723
9484
9626
9353
9771
9450
9572
9863
9103
9389
9409
9628
9500
9675
9770
9504
9672
9192
9879
9962
9168
9159
9346
9360
9636
9780
9023
9077
9788
9625
9557
9330
9917
9548
9957
9765
9981
9713
9591
9323
9493
9857
9791
9902
9951
9446
9876
9758
9918
9768
9108
9705
9656
9401
9207
9276
9947
9677
9774
9105
9956
9737
9297
9805
9046
9007
9460
9276
9749
9734
9747
9563
9872
9593
9240
9626
9616
9115
9020
9390
9868
9225
9461
9720
9076
9889
9086
9114
9342
9215
9971
9009
9713
9536
9664
9754
9618
9320
9449
9840
9905
9721
9826
9089
9069
10000
9465
9979
9891
9438
9079
9972
9633
9334
9704
9339
9165
9957
9984
9156
9253
9599
9557
9793
9377
9079
9728
9811
9696
9043
9230
9421
9425
9189
9946
9557
9936
9629
9486
9074
9381
9027
9406
9127
9980
9127
9829
9718
9482
9990
9509
9713
9776
9524
9386
9074
9857
9805
9614
9627
9735
9862
9205
9905
9902
9859
9071
9070
9510
9457
9584
9561
9494
9682
9834
9062
9204
9368
9280
9004
9154
9578
9165
9654
9375
9252
9636
9118
9895
9183
9242
9537
9914
9794
9178
9578
9068
9489
9685
9054
9115
9756
9256
9088
9843
9467
9936
9956
9774
9094
9606
9042
9012
9696
9436
9717
9394
9119
9539
9159
9764
9408
9058
9464
9060
9364
9729
9183
9963
9575
9854
9063
9822
9923
9340
9335
9260
9861
9431
9139
9559
9818
9797
9228
9190
9235
9334
9591
9838
9146
9126
9475
9162
9695
9580
9880
9024
9913
9819
9823
9167
9648
9365
9190
9067
9338
9651
9644
9875
9798
9636
9783
9164
9752
9081
9728
9064
9266
9819
9500
9419
9268
9674
9072
9616
9702
9961
9592
9898
9630
9991
9511
9086
9047
9106
9620
9080
9973
9797
9350
9186
9568
9621
9820
9782
9088
9464
9577
9140
9055
9182
9287
9223
9561
9725
9617
9061
9763
9388
9990
9781
9041
9315
9005
9693
9328
9746
9189
9855
9932
9867
9419
9629
9470
9169
9896
9767
9502
9129
9201
9951
9374
9395
9634
9494
9600
9217
9654
9947
9274
9409
9063
9829
9851
9744
9624
9840
9172
9673
9771
9692
9132
9688
9040
9250
9777
9940
9363
9619
9627
9857
9761
9399
9381
9517
9306
9758
9735
9255
9753
9716
9382
9144
9384
9903
9491
9865
9931
9069
9373
9985
9151
9040
9542
9714
9505
9504
9807
9247
9204
9816
9530
9844
9806
9667
9307
9635
9830
9940
9769
9727
9506
9397
9255
9578
9059
9809
9892
9973
9703
9646
9961
9791
9166
9588
9029
9080
9532
9538
9319
9103
9521
9628
9435
9899
9474
9536
9164
9370
9761
9649
9379
9042
9638
9744
9155
9307
9703
9315
9258
9988
9748
9116
9595
9599
9978
9996
9050
9201
9088
9479
9289
9215
9066
9528
9714
9783
9060
9490
9714
9333
9313
9862
9251
9320
9558
9144
9202
9905
9180
9800
9087
9195
9618
9065
9741
9016
9235
9371
9803
9483
9142
9925
9867
9518
9321
9787
9869
9028
9631
9187
9994
9541
9733
9940
9494
9043
9400
9676
9244
9497
9362
9769
9689
9175
9001
9992
9414
9260
9389
9669
9979
9995
9652
9835
9329
9110
9903
9733
9447
9803
9483
9002
9305
9634
9416
9694
9754
9229
9183
9968
9311
9921
9743
9063
9131
9804
9914
9867
9022
9800
9453
9279
9501
9765
9748
9878
9997
9816
9494
9518
9884
9914
9841
9496
9401
9827
9151
9585
9091
9094
9457
9741
9186
9089
9829
9480
9027
9558
9072
9978
9291
9899
9851
9238
9677
9099
9086
9581
9949
9834
9669
9401
9352
9796
9323
9343
9225
9145
9411
9917
9342
9158
9078
