4000
9208
9004
9699
9949
9732
9845
9225
9623
9155
9600
9122
9661
9623
9924
9075
9013
9224
9084
9860
9431
9194
9380
9310
9473
9371
9561
9445
9747
9238
9108
9246
9482
9462
9570
9458
9409
9549
9615
9960
9361
9781
9318
9438
9231
9542
9651
9024
9390
9422
9110
9884
9615
9716
9750
9899
9121
9301
9935
9732
9900
9900
9085
9078
9660
9745
9770
9958
9387
9167
9215
9365
9721
9961
9601
9202
9246
9220
9916
9050
9254
9701
9197
9811
9115
9133
9232
9692
9335
9355
9903
9328
9863
9289
9668
9361
9078
9641
9602
9953
9031
9209
9414
9801
9833
9267
9175
9285
9869
9676
9572
9465
9267
9208
9401
9985
9888
9924
9853
9464
9423
9767
9942
9482
9084
9542
9728
9002
9956
9838
9903
9437
9691
9151
9523
9005
9645
9105
9399
10000
9591
9501
9270
9848
9090
9561
9914
9968
9674
9362
9650
9887
9914
9398
9864
9726
9139
9115
9725
9901
9619
9724
9144
9283
9614
9897
9039
9961
9281
9089
9939
9998
9086
9654
9803
9049
9494
9531
9914
9030
9788
9390
9447
9633
9491
9031
9251
9173
9498
9041
9792
9703
9038
9133
9928
9436
9611
9717
9965
9795
9794
9741
9975
9391
9225
9683
9819
9021
9478
9094
9467
9251
9910
9299
9863
9794
9394
9517
9154
9021
9591
9922
9407
9904
9276
9261
9113
9339
9574
9452
9687
9121
9777
9956
9322
9567
9050
9296
9935
9151
9892
9186
9512
9868
9361
9904
9266
9018
9380
9587
9990
9686
9559
9709
9001
9049
9142
9778
9984
9944
9740
9976
9036
9717
9173
9989
9498
9412
9899
9598
9802
9934
9115
9830
9361
9103
9139
9875
9406
9661
9193
9263
9785
9816
9536
9526
9475
9914
9797
9290
9398
9104
9792
9770
9611
9403
9065
9062
9464
9559
9089
9131
9346
9421
9438
9029
9905
9927
9029
9381
9210
9948
9370
9717
9758
9649
9748
9047
9511
9178
9199
9937
9932
9615
9698
9828
9261
9622
9766
9636
9164
9506
9779
9666
9986
9895
9123
9236
9591
9110
9237
9583
9321
9177
9104
9836
9002
9229
9710
9956
9861
9975
9092
9432
9339
9186
9488
9327
9432
9280
9579
9275
9777
9350
9273
9272
9048
9635
9101
9844
9159
9461
9470
9360
9557
9655
9385
9862
9279
9052
9723
9512
9399
9203
9717
9621
9250
9533
9262
9584
9181
9888
9460
9918
9792
9846
9750
9588
9092
9226
9977
9256
9750
9604
9127
9629
9936
9619
9801
9901
9002
9077
9284
9346
9288
9829
9215
9039
9473
9414
9195
9520
9388
9370
9692
9323
9510
9407
9605
9025
9225
9021
9423
9775
9706
9430
9977
9349
9797
9354
9381
9750
9317
9218
9463
9849
9506
9864
9689
9221
9699
9418
9363
9179
9019
9090
9513
9438
9928
9999
9463
9329
9261
9218
9351
9839
9915
9160
9195
9034
9955
9277
9005
9263
9279
9777
9400
9121
9698
9727
9678
9756
9382
9317
9988
9432
9876
9366
9541
9357
9362
9852
9639
9991
9856
9797
9574
9811
9485
9189
9994
9320
9318
9279
9560
9352
9911
9768
9913
9319
9114
9180
9493
9701
9928
9143
9390
9218
9176
9465
9153
9125
9581
9631
9806
9375
9053
9874
9877
9170
9282
9590
9316
9602
9899
9261
9977
9432
9535
9543
9429
9289
9840
9476
9017
9055
9609
9745
9169
9535
9297
9507
9477
9703
9881
9723
9632
9057
9537
9509
9234
9002
9367
9787
9044
9573
9895
9566
9890
9018
9537
9715
9906
9102
9810
9585
9372
9136
9401
9702
9809
9908
9113
9289
9131
9378
9093
9867
9931
9373
9082
9279
9215
9892
9287
9196
9865
9696
9473
9188
9306
9769
9831
9067
9103
9374
9477
9355
9544
9322
9899
9883
9461
9093
9923
9647
9998
9956
9620
9721
9956
9506
9038
9011
9885
9689
9763
9770
9197
9476
9154
9386
9606
9204
9393
9060
9644
9372
9307
9754
9894
9387
9183
9837
9080
9807
9919
9204
9217
9363
9653
9817
9202
9519
9170
9461
9855
9107
9821
9690
9966
9459
9601
9578
9309
9201
9234
9930
9583
9362
9995
9065
9857
9599
9408
9925
9521
9872
9167
9303
9911
9637
9396
9189
9963
9931
9934
9359
9918
9924
9536
9704
9739
9699
9841
9165
9328
9612
9246
9494
9359
9311
9363
9235
9164
9542
9268
9773
9402
9081
9036
9779
9107
9474
9934
9894
9134
9312
9597
9851
9039
9401
9272
9516
9914
9549
9570
9581
9536
9463
9299
9415
9281
9333
9931
9003
9508
9578
9237
9147
9836
9771
9213
9996
9292
9386
9422
9962
9631
9104
9633
9768
9175
9016
9901
9308
9323
9223
9222
9454
9289
9261
9167
9007
9705
9220
9797
9920
9125
9826
9410
9810
9383
9365
9801
9792
9283
9731
9282
9454
9354
9278
9040
9951
9902
9984
9271
9561
9204
9876
9041
9708
9520
9122
9645
9519
9189
9790
9245
9932
9655
9730
9103
9309
9221
9520
9326
9097
9813
9504
9893
9252
9883
9885
9270
9374
9105
9059
9805
9027
9740
9009
9259
9660
9873
9145
9034
9475
9686
9104
9178
9062
9917
9283
9621
9110
9658
9857
9606
9271
9091
9453
9670
9656
9955
9201
9780
9886
9395
9430
9275
9604
9128
9959
9841
9958
9242
9360
9803
9339
9495
9707
9078
9077
9409
9978
9675
9094
9982
9887
9440
9451
9867
9983
9274
9877
9909
9270
9450
9579
9630
9896
9819
9517
9029
9102
9698
9063
9494
9167
9351
9020
9967
9939
9252
9739
9852
9450
9708
9876
9544
9825
9844
9206
9489
9469
9145
9178
9146
9782
9294
9582
9981
9792
9988
9357
9094
9448
9800
9659
9568
9939
9145
9525
9132
9208
9303
9752
9531
9548
9779
9791
9191
9011
9881
9775
9954
9078
9404
9487
9861
9060
9789
9917
9916
9394
9442
9690
9931
9263
9520
9114
9369
9058
9458
9285
9978
9416
9192
9478
9811
9765
9873
9400
9959
9588
9671
9443
9156
9996
9434
9888
9051
9671
9076
9444
9003
9966
9962
9919
9112
9447
9475
9625
9062
9967
9741
9642
9121
9370
9865
9448
9524
9702
9406
9920
9298
9582
9897
9835
9329
9995
9099
9585
9864
9950
9349
9183
9081
9257
9823
9746
9601
9894
9913
9390
9043
9089
9343
9756
9286
9266
9401
9106
9887
9175
9776
9368
9776
9129
9163
9616
9672
9705
9643
9007
9975
9031
9209
9149
9600
9280
9953
9911
9096
9161
9983
9717
9140
9979
9694
9584
9765
9743
9343
9819
9089
9488
9921
9883
9330
9278
9432
9477
9171
9542
9211
9612
9640
9492
9202
9769
9358
9192
9053
9991
9893
9108
9446
9741
9034
9182
9931
9265
9086
9692
9722
9017
9688
9872
9275
9648
9242
9691
9522
9840
9912
9673
9952
9505
9844
9369
9121
9066
9597
9141
9575
9083
9590
9318
9930
9478
9676
9696
9183
9728
9631
9932
9985
9594
9850
9446
9184
9924
9371
9513
9540
9350
9783
9178
9466
9804
9051
9907
9760
9319
9950
9971
9821
9143
9026
9021
9472
9212
9474
9018
9004
9508
9732
9237
9145
9984
9280
9867
9890
9105
9489
9206
9713
9873
9317
9540
9581
9512
9714
9527
9714
9576
9120
9649
9823
9662
9591
9539
9402
9386
9438
9010
9090
9389
9735
9399
9530
9768
9619
9395
9233
9325
9579
9692
9486
9649
9732
9986
9531
9601
9732
9593
9742
9663
9882
9352
9688
9486
9741
9307
9971
9773
9383
9933
9736
9987
9548
9444
9301
9596
9337
9681
9544
9152
9440
9681
9720
9393
9620
9044
9748
9598
9599
9399
9154
9866
9424
9150
9719
9852
9886
9785
9891
9207
9439
9724
9676
9730
9156
9381
9690
9359
9345
9756
9841
9744
9467
9915
9309
9598
9728
9258
9876
9074
9353
9502
9919
9105
9929
9237
9914
9056
9132
9858
9644
9539
9800
9225
9335
9639
9160
9035
9605
9170
9239
9122
9769
9662
9924
9033
9195
9607
9055
9979
9872
9677
9118
9354
9627
9077
9600
9947
9294
9971
9221
9734
9672
9589
9130
9019
9066
9695
9047
9178
9481
9129
9564
9312
9661
9093
9937
9269
9431
9954
9000
9393
9458
9445
9794
9841
9718
9639
9327
9904
9348
9694
9449
9364
9861
9269
9442
9472
9659
9839
9428
9681
9012
9670
9379
9614
9104
9916
9880
9505
9375
9750
9477
9328
9656
9883
9320
9026
9858
9433
9759
9576
9962
9393
9135
9681
9700
9211
9386
9243
9179
9557
9432
9847
9293
9585
9461
9680
9744
9124
9892
9507
9956
9341
9763
9023
9937
9459
9995
9316
9934
9544
9500
9834
9553
9487
9784
9214
9082
9473
9598
9917
9758
9881
9694
9496
9709
9288
9800
9346
9521
9382
9808
9207
9053
9525
9967
10000
9063
9412
9967
9614
9781
9168
9157
9355
9504
9819
9841
9963
9108
9603
9153
9319
9455
9699
9489
9748
9449
9742
9505
9062
9780
9213
9663
9851
9284
9011
9261
9808
9515
9010
9390
9913
9345
9662
9000
9629
9087
9017
9406
9665
9693
9414
9123
9689
9425
9195
9473
9383
9307
9815
9972
9200
9698
9003
9687
9682
9146
9302
9547
9951
9844
9784
9423
9312
9387
9078
9620
9690
9752
9617
9990
9776
9897
9574
9362
9209
9041
9077
9133
9583
9723
9924
9968
9624
9813
9030
9007
9627
9439
9965
9281
9134
9753
9678
9159
9220
9191
9496
9580
9578
9320
9613
9670
9180
9379
9840
9527
9205
9023
9620
9775
9397
9446
9650
9792
9568
9047
9203
9637
9336
9695
9758
9401
9857
9953
9654
9224
9994
9281
9354
9392
9376
9847
9105
9896
9685
9176
9361
9665
9675
9782
9253
9218
9851
9874
9332
9443
9673
9538
9737
9259
9150
9610
9912
9391
9157
9143
9926
9999
9576
9020
9906
9193
9568
9697
9196
9820
9582
9800
9831
9272
9230
9539
9868
9573
9113
9246
9761
9218
9145
9585
9182
9824
9329
9246
9191
9762
9992
9906
9123
9261
9257
9967
9323
9442
9663
9372
9226
9050
9986
9327
9077
9756
9848
9511
9069
9894
9221
9973
9206
9121
9232
9036
9888
9972
9459
9408
9407
9897
9721
9353
9690
9134
9226
9647
9565
9513
9771
9048
9285
9825
9714
9746
9947
9363
9399
9387
9026
9126
9757
9504
9791
9488
9478
9227
9482
9549
9414
9760
9474
9106
9540
9458
9915
9275
9837
9901
9196
9343
9641
9155
9958
9779
9062
9706
9541
9336
9912
9280
9673
9675
9031
9301
9857
9667
9591
9984
9007
9451
9234
9062
9820
9939
9032
9906
9090
9493
9690
9333
9218
9818
9402
9993
9481
9956
9623
9353
9177
9850
9949
9479
9023
9077
9662
9047
9601
9415
9515
9283
9523
9576
9730
9920
9806
9757
9374
9370
9772
9384
9666
9408
9295
9780
9201
9968
9415
9143
9244
9027
9847
9155
9150
9454
9898
9519
9520
9962
9529
9391
9803
9966
9733
9876
9038
9976
9597
9517
9857
9270
9457
9543
9253
9649
9367
9919
9749
9878
9298
9282
9768
9815
9571
9575
9829
9939
9662
9644
9167
9157
9684
9715
9041
9274
9538
9751
9956
9525
9428
9534
9037
9638
9057
9600
9183
9039
9272
9605
9483
9151
9579
9427
9081
9403
9555
9672
9970
9890
9695
9153
9161
9649
9120
9605
9441
9307
9142
9224
9681
9717
9357
9657
9552
9060
9787
9383
9674
9656
9374
9514
9453
9264
9217
9802
9653
9223
9370
9353
9443
9946
9426
9072
9821
9924
9973
9907
9459
9999
9150
9242
9018
9322
9009
9659
9586
9335
9255
9373
9250
9107
9306
9832
9713
9901
9420
9442
9770
9944
9652
9049
9366
9780
9075
9556
9233
9976
9823
9442
9832
9312
9680
9111
9777
9078
9638
9043
9997
9367
9750
9711
9958
9383
9527
9734
9333
9644
9100
9230
9527
9995
9972
9830
9144
9064
9632
9253
9625
9328
9136
9285
9619
9868
9096
9621
9992
9212
9512
9637
9599
9537
9076
9943
9448
9365
9715
9395
9972
9126
9010
9035
9213
9445
9490
9070
9703
9869
9114
9247
9822
9659
9434
9712
9400
9175
9316
9649
9094
9398
9869
9383
9877
9988
9791
9855
9318
9798
9337
9773
9032
9242
9495
9500
9800
9997
9034
9793
9562
9780
9912
9756
9307
9461
9256
9985
9708
9030
9520
9966
9012
9553
9423
9304
9411
9452
9164
9136
9416
9560
9798
9692
9595
9268
9614
9104
9816
9138
9868
9515
9656
9149
9067
9313
9400
9624
9660
9948
9204
9604
9590
9490
9542
9706
9634
9244
9157
9610
9892
9183
9068
9450
9134
9800
9625
9878
9567
9333
9716
9093
9236
9779
9649
9671
9802
9443
9149
9184
9275
9864
9835
9523
9872
9164
9404
9427
9712
9429
9843
9209
9526
9534
9319
9195
9774
9214
9048
9274
9217
9229
9776
9573
9539
9930
9216
9327
9643
9898
9633
9312
9816
9511
9470
9877
9576
9931
9522
9577
9768
9135
9691
9017
9276
9851
9813
9373
9033
9709
9965
9367
9509
9663
9917
9361
9794
9213
9491
9036
9649
9037
9597
9640
9361
9761
9940
9511
9390
9229
9387
9751
9631
9770
9461
9719
9851
9778
9611
9826
9667
9728
9053
9659
9759
9231
9148
9285
9299
9030
9055
9012
9892
9874
9428
9415
9936
9269
9548
9565
9516
9118
9953
9327
9098
9293
9217
9435
9432
9971
9761
9378
9945
9021
9194
9444
9374
9141
9604
9448
9098
9750
9698
9746
9683
9354
9546
9428
9799
9269
9985
9844
9345
9933
9152
9724
9410
9450
9274
9973
9501
9339
9541
9127
9260
9192
9473
9832
9181
9538
9781
9063
9020
9853
9144
9697
9191
9859
9060
9444
9153
9133
9680
9701
9404
9621
9812
9749
9559
9238
9091
9862
9195
9608
9989
9784
9545
9658
9476
9875
9958
9451
9234
9609
9955
9682
9410
9993
9665
9081
9755
9564
9575
9008
9965
9677
9735
9733
9211
9569
9118
9859
9142
9291
9990
9798
9595
9167
9014
9792
9103
9726
9504
9068
9702
9315
9323
9631
9990
9930
9501
9833
9560
9409
9180
9876
9608
9446
9256
9667
9086
9609
9681
9239
9518
9864
9117
9813
9813
9229
9670
9211
9447
9107
9011
9225
9931
9693
9977
9196
9598
9685
9838
9926
9786
9454
9883
9798
9124
9765
9609
9338
9519
9428
9058
9539
9994
9368
9880
9575
9642
9159
9629
9849
9376
9317
9766
9389
9851
9146
9155
9718
9484
9209
9474
9201
9848
9329
9058
9254
9777
9563
9441
9280
9459
9260
9843
9991
9944
9122
9598
9761
9347
9643
9397
9575
9777
9961
9260
9822
9379
9096
9495
9292
9978
9446
9939
9266
9065
9210
9467
9348
9125
9203
9695
9596
9305
9246
9090
9846
9316
9145
9766
9898
9543
9956
9803
9404
9404
9142
9781
9146
9807
9789
9146
9433
9150
9750
9641
9022
9999
9035
9131
9955
9988
9831
9820
9344
9791
9666
9205
9752
9880
9157
9859
9398
9821
9298
9553
9113
9081
9430
9748
9623
9578
9959
9391
9637
9530
9059
9693
9511
9896
9245
9125
9246
9829
9580
9004
9862
9084
9203
9520
9559
9144
9083
9335
9474
9871
9020
9731
9079
9994
9194
9111
9388
9304
9348
9281
9005
9300
9975
9376
9952
9344
9390
9028
9247
9771
9827
9339
9937
9876
9013
9653
9609
9678
9977
9186
9202
9506
9572
9803
9897
9586
9031
9958
9867
9195
9655
9262
9898
9246
9790
9672
9943
9419
9454
9091
9184
9380
9500
9852
9689
9285
9167
9109
9335
9662
9944
9806
9489
9801
9498
9947
9726
9024
9792
9782
9653
9313
9125
9545
9446
9897
9336
9157
9946
9754
9568
9673
9657
9802
9958
9314
9922
9475
9793
9728
9144
9455
9527
9801
9985
9977
9483
9813
9255
9491
9792
9160
9561
9281
9443
9989
9424
9124
9725
9001
9635
9267
9340
9219
9064
9716
9387
9896
9179
9817
9804
9881
9308
9720
9799
9093
9258
9094
9400
9332
9715
9278
9673
9996
9916
9551
9030
9233
9815
9345
9653
9744
9715
9185
9607
9626
9709
9245
9038
9198
9621
9556
9762
9767
9410
9326
9361
9947
9253
9866
9774
9553
9403
9656
9294
9316
9165
9909
9593
9709
9118
9450
9257
9512
9702
9036
9171
9907
9605
9897
9171
9725
9288
9595
9138
9881
9338
9896
9180
9379
9618
9667
9321
9086
9049
9083
9911
9733
9578
9239
9356
9196
9125
9701
9818
9888
9334
9124
9655
9605
9583
9012
9274
9307
9319
9670
9761
9867
9740
9373
9910
9889
9479
9172
9293
9948
9593
9283
9011
9746
9080
9167
9079
9233
9871
9184
9370
9357
9483
9506
9345
9050
9923
9403
9025
9638
9570
9546
9135
9466
9848
9948
9466
9405
9361
9909
9319
9232
9421
9051
9788
9706
9768
9999
9200
9756
9114
9859
9103
9331
9664
9232
9846
9806
9786
9972
9204
9104
9843
9982
9680
9013
9130
9749
9119
9460
9624
9084
9505
9085
9759
9862
9164
9094
9156
9633
9799
9386
9132
9594
9985
9216
9506
9885
9839
9777
9168
9305
9551
9676
9695
9399
9273
9834
9410
9193
9021
9715
9932
9214
9671
9954
9930
9386
9093
9588
9292
9238
9803
9897
9373
9036
9949
9032
9580
9157
9491
9928
9485
9346
9270
9357
9927
9409
9657
9221
9991
9978
9476
9548
9810
9260
9377
9023
9896
9766
9259
9067
9133
9453
9621
9342
9386
9071
9188
9554
9174
9829
9558
9196
9859
9804
9522
9838
9389
9018
9665
9694
9801
9220
9509
9442
9369
9543
9242
9248
9173
9205
9221
9338
9634
9731
9850
9324
9484
9885
9177
9315
9666
9997
9292
9874
9056
9903
9945
9848
9960
9970
9308
9710
9201
9460
9013
9460
9927
9985
9172
9945
9224
9688
9241
9795
9596
9684
9136
9916
9982
9908
9560
9615
9397
9146
9493
9300
9345
9557
9424
9975
9356
9669
9463
9885
9237
9916
9449
9025
9839
9335
9342
9625
9565
9979
9020
9109
9738
9624
9977
9500
9984
9320
9668
9687
9577
9917
9178
9281
9259
9753
9618
9865
9778
9307
9899
9194
9476
9580
9216
9353
9542
9538
9344
9059
9197
9915
9491
9099
9303
9028
9199
9248
9458
9537
9089
9145
9352
9411
9475
9234
9085
9223
9903
9979
9420
9351
9742
9301
9941
9667
9238
9180
9615
9567
9635
9116
9785
9518
9841
9075
9635
9568
9729
9694
9644
9058
9013
9088
9428
9859
9367
9603
9222
9772
9508
9222
9737
9238
9085
9483
9766
9098
9688
9458
9169
9901
9399
9212
9534
9155
9347
9405
9155
9678
9049
9959
9751
9974
9324
9753
9526
9581
9750
9867
9293
9472
9657
9588
9580
9446
9781
9194
9095
9862
9022
9491
9114
9076
9876
9516
9288
9482
10000
9554
9602
9517
9076
9035
9833
9682
9009
9787
9229
9945
9735
9243
9453
9178
9296
9068
9586
9707
9218
9950
9659
9468
9741
9241
9684
9145
9188
9622
9736
9565
9282
9228
9022
9337
9362
9866
9529
9275
9001
9197
9713
9660
9788
9625
9124
9229
9732
9432
9194
9542
9309
9780
9327
9525
9353
9991
9674
9699
9485
9216
9796
9730
9652
9408
9792
9292
9310
9722
9759
9204
9593
9952
9346
9453
9469
9900
9641
9159
9133
9931
9634
9309
9828
9187
9155
9758
9977
9699
9789
9307
9697
9884
9940
9045
9848
9020
9470
9191
9593
9832
9665
9761
9840
9793
9544
9593
9632
9115
9116
9293
9594
9186
9991
9606
9712
9307
9622
9889
9228
9680
9301
9819
9760
9502
9840
9181
9431
9604
9770
9016
9491
9378
9592
9934
9678
9543
9941
9562
9962
9428
9793
9324
9588
9298
9870
9079
9067
9433
9273
9286
9625
9821
9708
9818
9757
9317
9757
9209
9451
9034
9902
9896
9424
9920
9771
9280
9785
9819
9122
9195
9987
9083
9407
9049
9337
9060
9812
9877
9815
9340
9073
9172
9055
9419
9107
9101
9800
9961
9782
9310
9095
9830
9402
9393
9991
9049
9276
9230
9492
9279
9621
9425
9472
9114
9982
9026
9698
9608
9493
9973
9138
9618
9016
9251
9476
9586
9460
9580
9026
9569
9508
9746
9957
9092
9611
9314
9632
9506
9461
9314
9041
9424
9427
9512
9917
9327
9596
9997
9035
9496
9071
9351
9406
9096
9306
9292
9110
9581
9394
9717
9538
9438
9707
9371
9695
9280
9502
9537
9511
9949
9245
9374
9270
9133
9911
9450
9334
9254
9135
9503
9712
9493
9821
9623
9824
9212
9046
9728
9146
9427
9825
9728
9032
9246
9971
9051
9734
9148
9011
9768
9496
9180
9412
9212
9231
9266
9100
9780
9670
9747
9368
9940
9462
9477
9071
9893
9789
9967
9818
9361
9645
9334
9214
9070
9236
9932
9809
9567
9405
9735
9200
9222
9349
9926
10000
9889
9344
9845
9190
9294
9075
9508
9786
9677
9541
9414
9898
9613
9869
9435
9557
9608
9081
9143
9288
9226
9282
9525
9693
9183
9684
9193
9072
9378
9777
9250
9555
9308
9987
9851
9418
9163
9131
9287
9202
9277
9867
9937
9083
9205
9839
9344
9968
9933
9917
9475
9533
9603
9768
9517
9402
9063
9889
9801
9381
9116
9037
9497
9446
9080
9001
9115
9069
9822
9851
9053
9766
9870
9059
9195
9432
9735
9336
9774
9581
9769
9832
9808
9550
9891
9079
9511
9859
9748
9108
9603
9062
9952
9695
9086
9666
9781
9921
9317
9718
9057
9946
9975
9682
9798
9226
9683
9230
9872
9614
9117
9251
9091
9207
9456
9698
9662
9493
9824
9615
9445
9097
9778
9037
9810
9646
9763
9962
9736
9633
9900
9543
9834
9740
9660
9030
9079
9381
9890
9150
9850
9109
9360
9076
9992
9582
9509
9025
9679
9895
9585
9805
9647
9628
9136
9954
9955
9091
9741
9725
9532
9807
9856
9945
9479
9684
9945
9729
9768
9447
9483
9069
9269
9595
9410
9427
9983
9209
9071
9608
9003
9035
9776
9325
9259
9476
9497
9221
9098
9611
9464
9517
9527
9376
9186
9747
9226
9298
9331
9349
9256
9849
9644
9235
9461
9408
9260
9885
9287
9022
9324
9636
9528
9492
9425
9434
9773
9936
9629
9285
9890
9314
9574
9571
9497
9595
9792
9350
9005
9922
9438
9781
9174
9436
9674
9494
9750
9699
9862
9575
9371
9554
9247
9226
9526
9981
9671
9650
9459
9963
9881
9593
9191
9592
9689
9709
9563
9032
9341
9366
9077
9638
9894
9940
9519
9567
9522
9933
9631
9134
9436
9063
9837
9928
9518
9066
9113
9723
9747
9624
9447
9952
9331
9626
9382
9988
9951
9419
9602
9790
9931
9075
9466
9612
9753
9644
9708
9819
9312
9844
9083
9126
9924
9337
9187
9724
9476
9127
9983
9671
9217
9769
9654
9905
9109
9566
9845
9390
9737
9750
9444
9792
9998
9145
9015
9753
9768
9121
9804
9075
9691
9465
9426
9381
9546
9586
9203
9071
9750
9667
9060
9315
9242
9803
9921
9212
9882
9650
9195
9041
9797
9381
9038
9832
9492
9018
9605
9630
9388
9335
9259
9373
9836
9298
9725
9377
9888
9313
9698
9522
9132
9728
9288
9942
9365
9961
9847
10000
9620
9812
9962
9695
9119
9143
9707
9687
9513
9429
9674
9143
9897
9802
9935
9067
9064
9665
9194
9830
9587
9313
9241
9972
9334
9965
9607
9686
9736
9187
9002
9652
9057
9803
9837
9832
9502
9234
9926
9174
9280
9608
9874
9462
9784
9737
9786
9651
9531
9706
9522
9124
9106
9097
9962
9392
9101
9574
9040
9949
9178
9907
9832
9699
9125
9157
9604
9643
9649
9068
9712
9907
9362
9374
9250
9827
9437
9916
9178
9686
9036
9129
9002
9482
9322
9443
9965
9126
9560
9564
9386
9838
9917
9965
9050
9458
9670
9487
9933
9967
9769
9938
9009
9728
9437
9932
9884
9634
9793
9018
9289
9027
9543
9013
9752
9875
9767
9395
9090
9423
9152
9369
9962
9620
9220
9777
9112
9456
9457
9167
9075
9528
9596
9770
9977
9416
9063
9936
9938
9883
9578
9300
9238
9327
9446
9867
9566
9106
9385
9960
9601
9749
9146
9175
9376
9758
9921
9622
9540
9159
9724
9652
9908
9854
9454
9899
9711
9206
9944
9038
9915
9918
9404
9486
9533
9544
9947
9641
9046
9231
9696
9692
9927
9222
9412
9231
9091
9735
9109
9938
9701
9386
9811
9880
9439
9008
9859
9715
9215
9002
9426
9916
9928
9673
9645
9547
9518
9683
9206
9180
9281
9451
9030
9977
9270
9210
9715
9849
9213
9015
9143
9192
9103
9309
9243
9934
9338
9952
9975
9154
9418
9057
9612
9187
9647
9500
9411
9505
9113
9235
9169
9110
9807
9768
9272
9138
9154
9593
9095
9448
9295
9392
9205
9657
9319
9022
9867
9160
9198
9715
9149
9480
9130
9779
9586
9809
9879
9441
9847
9493
